1 12
1 5
1 57
1 58
1 59
1 60
1 61
1 62
1 63
1 64
1 9
10 11
12 15
12 16
12 17
12 18
12 19
12 20
12 21
12 25
12 29
12 59
12 60
12 61
12 62
12 63
12 64
12 65
13 14
14 26
15 16
15 17
15 18
15 19
15 20
15 21
15 70
16 17
16 18
16 19
16 20
16 21
16 68
16 69
17 18
17 19
17 20
17 21
18 19
18 20
18 21
19 20
19 21
2 3
2 4
2 5
20 21
22 23
24 25
25 29
25 65
27 28
27 29
28 29
28 34
28 39
28 40
28 41
28 42
28 43
29 65
3 4
3 5
30 31
30 32
30 33
30 34
30 66
30 67
31 32
31 33
31 34
32 33
32 34
33 34
33 66
33 67
34 39
34 40
34 41
34 42
34 71
35 36
35 37
35 38
36 37
36 38
36 54
36 55
36 56
37 38
39 40
39 41
39 42
39 45
39 46
39 47
39 48
39 49
40 41
40 42
41 42
42 72
42 73
42 75
42 76
42 77
42 78
43 44
43 50
45 46
45 47
45 48
45 49
46 47
46 48
46 49
47 48
47 49
48 49
5 24
5 25
5 57
5 58
51 52
51 53
52 53
54 55
54 56
55 56
57 58
59 60
59 61
59 62
59 63
59 64
6 14
6 22
6 23
6 26
6 30
6 31
6 32
6 33
6 34
6 36
6 54
6 55
6 56
6 7
6 8
6 9
60 61
60 62
60 63
60 64
61 62
61 63
61 64
62 63
62 64
63 64
66 67
68 69
7 12
7 25
7 29
7 51
7 52
7 53
7 65
72 73
72 74
72 75
72 76
72 77
72 78
73 74
73 75
73 76
73 77
73 78
74 79
74 80
74 81
74 82
74 83
74 84
74 85
74 86
74 87
74 88
74 89
75 76
75 77
75 78
76 77
76 78
77 78
79 80
79 81
79 82
79 83
79 84
8 10
8 11
8 14
8 26
8 9
80 81
80 82
80 83
80 84
81 82
81 83
81 84
82 83
82 84
83 84
85 86
87 88
87 89
88 89
9 10
9 11
9 12
9 14
9 26
9 59
9 60
9 61
9 62
9 63
9 64
