1 190
1 61
10 41
100 158
100 190
101 115
101 123
101 153
101 176
101 199
102 104
102 177
103 165
103 194
104 177
105 130
105 137
105 164
105 181
106 200
107 178
11 33
11 57
11 81
110 134
110 139
110 140
111 183
112 113
112 142
112 155
112 161
112 170
112 183
112 202
113 142
113 155
113 170
113 183
113 202
114 116
114 126
114 128
114 204
115 123
115 153
115 176
115 199
117 191
117 192
117 203
118 134
118 135
119 130
12 137
12 46
12 67
12 81
121 124
121 155
121 156
121 178
121 184
121 201
122 151
123 139
123 153
123 176
123 199
124 201
126 128
126 204
127 156
127 157
128 174
128 188
128 204
128 205
13 14
13 15
13 16
13 17
13 18
13 56
130 137
130 164
131 162
132 166
132 202
133 163
133 168
133 169
134 135
134 139
134 140
136 145
136 180
137 164
139 140
14 15
14 18
14 56
141 167
142 155
142 170
142 183
142 202
147 148
148 150
149 162
149 180
149 189
149 193
149 194
15 18
15 56
152 195
153 176
153 199
155 156
155 170
155 178
155 183
155 202
156 157
156 178
158 190
16 119
16 17
160 179
160 185
162 180
162 193
163 165
163 166
165 166
168 169
170 183
170 202
172 192
174 188
174 205
175 186
175 196
176 199
178 182
179 185
18 56
180 193
183 202
186 196
188 205
189 194
19 102
19 103
19 104
19 160
19 165
19 177
19 179
19 185
19 37
19 47
19 48
19 51
19 99
191 192
191 203
192 203
195 198
195 206
2 13
2 14
2 15
2 18
2 56
20 128
20 174
20 188
20 205
20 83
21 106
22 105
22 118
22 134
22 135
22 181
22 30
22 40
23 149
23 162
23 180
23 193
23 32
23 45
24 164
25 133
25 168
25 169
25 33
25 84
25 97
26 108
26 28
26 79
26 91
27 119
27 130
27 65
27 77
28 108
28 138
28 36
28 79
28 91
29 106
29 200
3 128
3 174
3 188
3 20
3 205
3 4
3 83
30 118
30 134
30 135
30 40
31 112
31 113
31 142
31 155
31 170
31 183
31 202
31 49
31 52
31 70
31 88
31 91
31 95
32 149
32 162
32 180
32 193
32 45
33 133
33 168
33 169
33 84
33 97
34 131
34 162
35 136
35 180
36 138
36 172
36 192
37 102
37 104
37 177
37 48
37 51
38 112
39 43
4 121
4 128
4 129
4 155
4 156
4 174
4 178
4 188
4 20
4 205
4 83
40 118
40 134
40 135
40 149
40 189
40 194
40 49
40 52
40 98
41 175
41 186
41 196
41 47
42 196
43 149
44 172
45 149
45 162
45 180
45 183
45 187
45 193
45 82
46 137
46 143
46 78
46 81
47 160
47 175
47 179
47 185
47 186
47 196
47 99
48 102
48 104
48 177
48 51
49 149
49 189
49 194
49 52
49 95
49 98
5 112
5 38
50 101
50 115
50 123
50 153
50 176
50 199
50 66
50 92
50 93
50 96
51 102
51 104
51 177
52 106
52 112
52 113
52 142
52 149
52 154
52 155
52 170
52 183
52 189
52 194
52 202
52 70
52 88
52 91
52 95
52 98
53 103
53 194
53 54
54 103
54 194
54 80
55 146
55 98
56 120
57 63
57 81
57 90
58 144
58 147
58 89
59 109
59 191
6 115
6 69
60 68
62 132
62 202
62 73
62 76
64 198
64 94
65 119
65 130
65 77
66 101
66 115
66 123
66 153
66 176
66 197
66 199
66 92
66 93
67 140
68 132
68 166
68 173
68 74
69 159
69 87
7 101
7 115
7 123
7 153
7 176
7 199
7 50
7 66
7 92
7 93
70 112
70 113
70 142
70 150
70 155
70 170
70 183
70 202
70 88
70 91
70 95
71 195
71 206
72 122
72 151
72 99
73 132
73 202
73 76
75 193
76 132
76 202
77 119
77 130
78 143
78 171
78 81
79 108
79 91
8 52
81 137
81 143
82 187
83 128
83 174
83 188
83 205
84 133
84 168
84 169
84 97
85 163
86 107
87 125
87 159
88 112
88 113
88 142
88 155
88 170
88 183
88 202
88 91
88 95
89 147
9 100
9 11
9 158
9 190
91 108
91 112
91 113
91 142
91 155
91 170
91 183
91 202
91 95
92 101
92 115
92 123
92 153
92 176
92 199
92 93
93 101
93 115
93 123
93 153
93 176
93 199
94 144
94 198
95 112
95 113
95 142
95 150
95 155
95 170
95 183
95 202
96 141
96 167
97 133
97 168
97 169
98 146
98 149
98 189
98 194
99 122
99 151
99 160
99 179
99 185
