1 10
1 11
1 12
1 13
1 14
1 15
1 16
1 17
1 2
1 3
1 4
1 5
1 6
1 7
1 8
1 9
10 11
10 12
10 13
10 14
10 15
10 16
10 17
100 101
100 102
100 103
100 104
100 105
100 106
100 107
100 108
100 109
1000 1001
1000 1002
1001 1002
1002 1005
1002 1069
1002 1070
1002 1071
1002 1072
1002 1073
1002 1074
1002 1075
1003 1004
1008 1009
1008 1010
1009 1010
101 102
101 103
101 104
101 105
101 106
101 107
101 108
101 109
1011 1012
1011 1013
1012 1013
1014 1015
1014 1016
1014 1017
1015 1016
1015 1017
1016 1017
1018 1019
1018 1096
102 103
102 104
102 105
102 106
102 107
102 108
102 109
1020 1021
1020 1022
1020 1023
1020 1024
1020 1025
1021 1022
1021 1023
1021 1024
1021 1025
1022 1023
1022 1024
1022 1025
1023 1024
1023 1025
1024 1025
1026 1027
1026 1028
1027 1028
1028 1043
1029 1068
103 104
103 105
103 106
103 107
103 108
103 109
1030 1031
1030 1032
1031 1032
1033 1034
1033 1035
1034 1035
1038 1039
104 105
104 106
104 107
104 108
104 109
1040 1164
1041 1042
1044 1045
1044 1046
1044 1047
1045 1046
1045 1047
1046 1047
1049 1050
1049 1051
1049 1065
1049 1066
1049 1067
105 106
105 107
105 108
105 109
105 160
105 377
105 394
105 605
105 606
105 607
105 608
105 609
105 610
1050 1051
1052 1053
1052 1054
1053 1054
1055 1056
1057 1058
1057 1059
1058 1059
106 107
106 108
106 109
106 199
106 200
1060 1061
1060 1062
1060 1063
1060 1064
1061 1062
1061 1063
1061 1064
1062 1063
1062 1064
1063 1064
1065 1066
1065 1067
1066 1067
1068 1104
1068 1105
1068 1106
1069 1070
1069 1071
1069 1072
1069 1073
1069 1074
1069 1075
107 108
107 109
107 144
107 157
107 158
107 159
1070 1071
1070 1072
1070 1073
1070 1074
1070 1075
1071 1072
1071 1073
1071 1074
1071 1075
1071 1107
1072 1073
1072 1074
1072 1075
1073 1074
1073 1075
1074 1075
1074 1107
1076 1077
1076 1078
1076 1079
1077 1078
1077 1079
1078 1079
108 109
1080 1081
1080 1082
1081 1082
1083 1084
1083 1085
1083 1086
1084 1085
1084 1086
1085 1086
1087 1088
1087 1089
1088 1089
1091 1092
1091 1093
1091 1094
1091 1095
1092 1093
1092 1094
1092 1095
1092 1097
1092 1098
1092 1099
1092 1100
1092 1101
1093 1094
1093 1095
1094 1095
1097 1098
1097 1099
1097 1100
1097 1101
1098 1099
1098 1100
1098 1101
1099 1100
1099 1101
11 12
11 13
11 14
11 15
11 16
11 17
110 111
110 112
110 113
110 700
110 710
1100 1101
1103 1186
1103 1187
1103 1188
1104 1105
1104 1106
1105 1106
1108 1109
1108 1110
1108 1111
1108 1112
1108 1113
1109 1110
1109 1111
1109 1112
1109 1113
111 1049
111 1065
111 1066
111 1067
111 112
111 113
111 212
111 308
111 408
111 409
111 410
111 411
111 412
111 444
111 493
111 689
111 781
111 788
111 794
111 804
111 813
111 819
111 929
111 930
111 931
111 932
111 933
111 934
111 935
1110 1111
1110 1112
1110 1113
1111 1112
1111 1113
1112 1113
1114 1115
1114 1116
1114 1117
1114 1118
1114 1119
1114 1120
1114 1121
1114 1122
1114 1123
1114 1124
1114 1125
1114 1126
1114 1127
1114 1128
1114 1129
1114 1130
1114 1131
1114 1132
1114 1133
1114 1134
1115 1116
1115 1117
1115 1118
1115 1119
1115 1120
1115 1121
1115 1122
1115 1123
1115 1124
1115 1125
1115 1126
1115 1127
1115 1128
1115 1129
1115 1130
1115 1131
1115 1132
1115 1133
1115 1134
1116 1117
1116 1118
1116 1119
1116 1120
1116 1121
1116 1122
1116 1123
1116 1124
1116 1125
1116 1126
1116 1127
1116 1128
1116 1129
1116 1130
1116 1131
1116 1132
1116 1133
1116 1134
1117 1118
1117 1119
1117 1120
1117 1121
1117 1122
1117 1123
1117 1124
1117 1125
1117 1126
1117 1127
1117 1128
1117 1129
1117 1130
1117 1131
1117 1132
1117 1133
1117 1134
1118 1119
1118 1120
1118 1121
1118 1122
1118 1123
1118 1124
1118 1125
1118 1126
1118 1127
1118 1128
1118 1129
1118 1130
1118 1131
1118 1132
1118 1133
1118 1134
1119 1120
1119 1121
1119 1122
1119 1123
1119 1124
1119 1125
1119 1126
1119 1127
1119 1128
1119 1129
1119 1130
1119 1131
1119 1132
1119 1133
1119 1134
112 113
1120 1121
1120 1122
1120 1123
1120 1124
1120 1125
1120 1126
1120 1127
1120 1128
1120 1129
1120 1130
1120 1131
1120 1132
1120 1133
1120 1134
1121 1122
1121 1123
1121 1124
1121 1125
1121 1126
1121 1127
1121 1128
1121 1129
1121 1130
1121 1131
1121 1132
1121 1133
1121 1134
1122 1123
1122 1124
1122 1125
1122 1126
1122 1127
1122 1128
1122 1129
1122 1130
1122 1131
1122 1132
1122 1133
1122 1134
1123 1124
1123 1125
1123 1126
1123 1127
1123 1128
1123 1129
1123 1130
1123 1131
1123 1132
1123 1133
1123 1134
1124 1125
1124 1126
1124 1127
1124 1128
1124 1129
1124 1130
1124 1131
1124 1132
1124 1133
1124 1134
1125 1126
1125 1127
1125 1128
1125 1129
1125 1130
1125 1131
1125 1132
1125 1133
1125 1134
1126 1127
1126 1128
1126 1129
1126 1130
1126 1131
1126 1132
1126 1133
1126 1134
1127 1128
1127 1129
1127 1130
1127 1131
1127 1132
1127 1133
1127 1134
1128 1129
1128 1130
1128 1131
1128 1132
1128 1133
1128 1134
1129 1130
1129 1131
1129 1132
1129 1133
1129 1134
1130 1131
1130 1132
1130 1133
1130 1134
1131 1132
1131 1133
1131 1134
1132 1133
1132 1134
1133 1134
1135 1136
1135 1137
1135 1138
1136 1137
1136 1138
1137 1138
1139 1140
1139 1141
1139 1142
1139 1143
114 115
114 116
114 117
114 156
114 194
114 195
114 196
114 197
114 198
114 288
114 895
1140 1141
1140 1142
1140 1143
1141 1142
1141 1143
1142 1143
1145 1146
1147 1148
1147 1149
1147 1150
1148 1149
1148 1150
1149 1150
115 116
115 117
1151 1152
1153 1154
1153 1155
1154 1155
1156 1157
1158 1159
1158 1160
1158 1161
1159 1160
1159 1161
116 117
1160 1161
1162 1163
1165 1166
1167 1168
1167 1169
1167 1175
1167 1176
1167 1177
1167 1178
1168 1169
1170 1171
1172 1173
1172 1174
1173 1174
1175 1176
1175 1177
1175 1178
1176 1177
1176 1178
1177 1178
1179 1180
118 119
118 120
118 121
118 457
118 971
118 972
118 973
118 974
118 975
1181 1182
1183 1184
1183 1185
1184 1185
1186 1187
1186 1188
1187 1188
119 120
119 121
119 338
12 13
12 14
12 15
12 16
12 17
120 121
122 123
124 125
124 126
124 127
124 128
124 129
124 130
124 131
124 245
124 246
124 247
124 248
124 320
124 321
124 322
124 323
124 611
124 612
124 883
124 898
124 899
124 900
124 901
124 902
125 126
125 127
125 128
125 129
125 130
125 341
125 347
126 127
126 128
126 129
126 130
126 441
126 442
126 443
126 444
126 445
126 446
126 447
127 128
127 129
127 130
127 329
127 330
127 331
127 332
128 129
128 130
129 130
129 215
129 333
129 334
129 883
129 910
129 911
129 912
129 913
129 914
13 14
13 15
13 16
13 17
131 132
131 611
131 612
133 134
135 1076
135 1077
135 1078
135 1079
135 136
135 137
135 138
135 143
135 202
135 252
135 272
135 946
136 137
136 138
137 1147
137 1148
137 1149
137 1150
137 138
138 1020
138 1021
138 1022
138 1023
138 1024
138 1025
138 143
138 201
138 202
138 252
138 393
138 537
138 553
138 554
138 555
138 556
138 638
138 639
138 640
138 641
139 140
139 141
139 142
139 143
139 144
139 642
139 643
139 644
139 645
139 646
139 647
139 648
14 15
14 16
14 17
140 141
140 142
140 143
140 144
141 142
141 143
141 144
142 143
142 144
142 184
142 317
142 362
142 437
142 620
142 629
142 630
142 631
142 632
143 144
143 202
143 252
143 317
143 321
143 586
143 587
143 588
143 589
143 590
144 157
144 158
144 159
145 146
145 147
145 148
145 149
145 150
145 151
145 152
145 565
145 566
145 567
145 568
145 569
146 147
146 148
146 149
146 150
146 151
146 152
147 148
147 149
147 150
147 151
147 152
148 149
148 150
148 151
148 152
149 150
149 151
149 152
15 16
15 17
150 151
150 152
151 152
153 154
153 155
153 156
154 155
154 156
155 156
156 288
156 895
157 158
157 159
158 159
16 106
16 17
16 199
16 200
16 89
160 161
160 162
160 163
160 164
160 165
160 166
160 167
160 168
160 169
160 173
160 174
160 175
160 176
160 177
160 178
160 179
160 377
160 394
160 605
160 606
160 607
160 608
160 609
160 610
161 162
161 163
161 164
161 165
161 166
161 167
161 168
161 169
161 311
161 312
162 163
162 164
162 165
162 166
162 167
162 168
162 169
163 164
163 165
163 166
163 167
163 168
163 169
164 165
164 166
164 167
164 168
164 169
165 166
165 167
165 168
165 169
166 167
166 168
166 169
167 168
167 169
168 169
170 171
170 172
171 172
172 733
172 734
173 174
173 175
173 176
173 177
173 178
173 179
174 175
174 176
174 177
174 178
174 179
175 176
175 177
175 178
175 179
176 177
176 178
176 179
177 178
177 179
178 179
18 122
18 123
18 133
18 134
18 19
180 181
180 182
180 492
180 735
181 182
181 478
181 789
183 1018
183 1019
183 1044
183 1045
183 1046
183 1047
183 184
183 185
183 186
183 187
183 188
183 213
183 214
183 268
183 269
183 270
183 271
183 272
183 329
183 471
183 512
183 523
183 537
183 832
183 833
183 834
183 869
184 185
184 186
184 187
184 188
184 268
184 269
184 270
184 271
184 272
184 317
184 325
184 362
184 365
184 366
184 367
184 437
184 620
184 629
184 630
184 631
184 632
185 186
185 187
185 188
186 187
186 188
187 188
189 1033
189 1034
189 1035
189 1145
189 1146
189 190
189 191
189 192
189 193
189 509
189 510
19 466
19 864
19 865
19 866
19 867
190 1033
190 1034
190 1035
190 1145
190 1146
190 191
190 192
190 193
190 509
190 510
191 1033
191 1034
191 1035
191 1145
191 1146
191 192
191 193
191 509
191 510
192 1033
192 1034
192 1035
192 193
192 509
192 510
194 195
194 196
194 197
194 198
195 196
195 197
195 198
196 197
196 198
196 225
196 226
196 538
197 198
199 200
2 10
2 11
2 12
2 13
2 14
2 15
2 16
2 17
2 3
2 4
2 5
2 6
2 7
2 8
2 9
20 1002
20 1005
20 1144
20 21
20 22
20 23
20 24
20 25
20 407
200 883
200 915
200 916
200 917
200 918
201 202
202 252
203 204
203 205
203 206
204 205
204 206
204 943
204 944
204 945
204 946
205 1087
205 1088
205 1089
205 206
205 729
205 794
205 817
207 208
207 209
207 210
207 211
207 212
208 209
208 210
208 211
208 212
209 210
209 211
209 212
21 22
21 23
21 24
21 25
210 211
210 212
210 348
210 666
210 667
210 668
210 669
211 212
212 308
212 408
212 445
212 670
212 671
212 672
212 673
212 829
212 830
213 214
214 334
214 375
214 376
214 377
214 378
214 379
214 380
214 832
214 833
214 834
215 258
215 259
215 260
215 261
216 217
216 218
216 219
216 220
216 221
216 222
216 223
216 224
216 243
216 244
216 298
216 357
216 936
216 990
216 991
216 992
216 993
216 994
217 218
217 219
217 220
217 221
217 222
217 223
217 224
217 243
217 244
218 219
218 220
218 221
218 222
218 223
218 224
218 243
218 244
219 220
219 221
219 222
219 223
219 224
22 23
22 24
22 25
220 221
220 222
220 223
220 224
220 227
220 228
220 229
220 230
220 231
220 232
220 233
220 234
220 235
220 243
220 244
221 222
221 223
221 224
221 243
221 244
222 223
222 224
222 243
222 244
223 224
223 243
223 244
225 226
225 595
225 596
225 597
225 598
225 599
225 600
225 601
225 602
225 603
225 604
227 228
227 229
227 230
227 231
227 232
227 233
227 234
227 235
228 229
228 230
228 231
228 232
228 233
228 234
228 235
228 312
228 511
228 877
228 966
228 967
228 968
228 969
228 970
229 230
229 231
229 232
229 233
229 234
229 235
23 24
23 25
230 231
230 232
230 233
230 234
230 235
231 232
231 233
231 234
231 235
232 233
232 234
232 235
233 234
233 235
234 235
236 237
236 238
236 239
236 240
236 241
236 242
237 238
237 239
237 240
237 241
237 242
238 239
238 240
238 241
238 242
239 240
239 241
239 242
24 25
240 241
240 242
241 242
243 244
245 246
245 247
245 248
246 247
246 248
247 248
247 315
247 316
249 250
249 251
250 251
253 254
253 255
253 256
253 257
253 465
253 557
253 558
253 559
253 560
253 561
253 562
254 255
254 256
254 257
254 613
254 614
254 615
254 616
255 256
255 257
255 515
255 516
255 517
256 257
256 304
256 305
256 515
256 516
256 517
257 883
257 896
257 897
258 259
258 260
258 261
259 260
259 261
26 27
26 28
26 29
26 30
26 31
26 32
26 33
26 497
26 563
26 564
26 750
26 751
26 752
26 753
26 754
26 755
26 92
260 261
261 372
261 373
261 374
262 263
262 264
262 265
262 266
262 267
263 264
263 265
263 266
263 267
263 413
263 414
263 831
264 265
264 266
264 267
264 430
264 580
264 658
264 659
264 660
264 661
264 662
264 663
264 664
264 665
265 266
265 267
266 267
268 269
268 270
268 271
268 272
268 273
268 274
268 275
268 591
268 592
268 593
268 594
269 270
269 271
269 272
27 28
27 29
27 30
27 31
27 32
27 33
270 271
270 272
271 272
272 1076
272 1077
272 1078
272 1079
272 946
273 274
273 275
274 275
276 277
276 278
276 279
276 280
276 281
276 282
277 278
277 279
277 280
277 281
277 282
278 279
278 280
278 281
278 282
279 280
279 281
279 282
28 29
28 30
28 31
28 32
28 33
280 281
280 282
281 282
282 313
282 314
282 340
282 341
282 342
282 343
282 344
282 345
282 346
283 284
283 285
283 286
283 287
283 288
283 289
283 290
283 291
283 292
283 293
283 294
283 295
283 296
283 297
283 298
283 299
283 300
283 301
283 302
283 303
284 285
284 286
284 287
284 288
284 289
284 290
284 291
284 292
284 293
284 294
284 295
284 296
284 297
284 298
284 299
284 300
284 301
284 302
284 303
285 286
285 287
285 288
285 289
285 290
285 291
285 292
285 293
285 294
285 295
285 296
285 297
285 298
285 299
285 300
285 301
285 302
285 303
286 287
286 288
286 289
286 290
286 291
286 292
286 293
286 294
286 295
286 296
286 297
286 298
286 299
286 300
286 301
286 302
286 303
287 288
287 289
287 290
287 291
287 292
287 293
287 294
287 295
287 296
287 297
287 298
287 299
287 300
287 301
287 302
287 303
288 289
288 290
288 291
288 292
288 293
288 294
288 295
288 296
288 297
288 298
288 299
288 300
288 301
288 302
288 303
288 895
289 290
289 291
289 292
289 293
289 294
289 295
289 296
289 297
289 298
289 299
289 300
289 301
289 302
289 303
29 30
29 31
29 32
29 33
290 291
290 292
290 293
290 294
290 295
290 296
290 297
290 298
290 299
290 300
290 301
290 302
290 303
291 292
291 293
291 294
291 295
291 296
291 297
291 298
291 299
291 300
291 301
291 302
291 303
292 293
292 294
292 295
292 296
292 297
292 298
292 299
292 300
292 301
292 302
292 303
293 294
293 295
293 296
293 297
293 298
293 299
293 300
293 301
293 302
293 303
294 295
294 296
294 297
294 298
294 299
294 300
294 301
294 302
294 303
295 296
295 297
295 298
295 299
295 300
295 301
295 302
295 303
296 297
296 298
296 299
296 300
296 301
296 302
296 303
297 298
297 299
297 300
297 301
297 302
297 303
298 299
298 300
298 301
298 302
298 303
298 357
298 883
298 903
298 904
298 905
298 906
298 936
298 990
298 991
298 992
298 993
298 994
299 300
299 301
299 302
299 303
3 10
3 11
3 12
3 13
3 14
3 15
3 16
3 17
3 4
3 5
3 6
3 7
3 8
3 9
30 31
30 32
30 33
300 301
300 302
300 303
301 302
301 303
302 303
304 305
306 307
306 308
306 309
306 310
306 401
306 402
306 403
306 404
306 405
306 563
307 308
307 309
307 310
307 443
307 539
307 540
307 541
308 1181
308 1182
308 309
308 310
308 340
308 365
308 399
308 409
308 410
308 411
308 412
308 513
308 514
308 650
308 829
308 830
308 959
308 960
308 961
308 962
308 963
308 964
309 310
31 32
31 33
311 312
312 1018
312 1096
312 1139
312 1140
312 1141
312 1142
312 1143
312 429
312 511
312 512
312 877
312 966
312 967
312 968
312 969
312 970
313 314
315 316
317 318
317 319
317 321
317 362
317 363
317 364
317 437
317 586
317 587
317 588
317 589
317 590
317 620
317 629
317 630
317 631
317 632
318 319
32 33
320 321
320 322
320 323
321 322
321 323
321 586
321 587
321 588
321 589
321 590
321 883
321 889
321 890
321 891
321 892
322 323
324 325
325 365
325 366
325 367
326 327
326 328
327 328
327 756
327 828
327 976
327 977
329 1044
329 1045
329 1046
329 1047
329 330
329 331
329 332
329 465
329 471
329 512
329 523
329 868
329 869
329 870
329 871
329 872
329 873
330 331
330 332
331 332
333 334
334 375
334 376
334 377
334 378
334 379
334 380
334 453
334 454
334 455
334 591
334 947
334 948
335 336
335 337
335 338
335 339
336 337
336 338
336 339
337 338
337 339
338 339
339 883
339 905
339 919
339 920
339 921
339 922
339 923
339 924
339 925
339 926
339 927
34 35
34 36
34 37
34 38
34 39
34 40
340 1181
340 1182
340 341
340 342
340 343
340 344
340 345
340 346
340 399
340 514
340 650
341 342
341 343
341 344
341 345
341 346
341 347
342 343
342 344
342 345
342 346
343 344
343 345
343 346
344 345
344 346
345 346
347 1151
347 1152
348 349
348 350
348 351
348 352
348 353
348 666
348 667
348 668
348 669
349 350
349 351
349 352
349 353
35 1162
35 1163
35 36
35 37
35 38
35 39
35 40
35 836
35 837
35 838
35 839
35 840
35 841
35 842
35 843
35 844
35 845
35 846
35 847
35 848
35 849
35 850
35 851
35 852
35 853
35 854
35 855
35 856
35 857
35 858
350 351
350 352
350 353
351 352
351 353
352 353
354 355
354 356
354 357
354 358
354 359
354 360
354 361
354 368
354 369
354 370
354 371
355 356
355 357
355 358
355 359
355 360
355 361
356 357
356 358
356 359
356 360
356 361
357 358
357 359
357 360
357 361
357 936
357 990
357 991
357 992
357 993
357 994
358 359
358 360
358 361
359 360
359 361
36 37
36 38
36 39
36 40
360 361
362 363
362 364
362 382
362 392
362 437
362 452
362 544
362 546
362 547
362 549
362 620
362 629
362 630
362 631
362 632
362 637
363 364
363 394
363 395
363 396
363 397
365 366
365 367
365 959
365 960
365 961
365 962
365 963
365 964
366 367
368 369
368 370
368 371
369 370
369 371
37 118
37 119
37 120
37 121
37 38
37 39
37 40
370 371
372 373
372 374
373 374
375 376
375 377
375 378
375 379
375 380
376 377
376 378
376 379
376 380
377 378
377 379
377 380
377 394
377 605
377 606
377 607
377 608
377 609
377 610
378 379
378 380
378 391
378 392
378 393
379 380
38 39
38 40
38 462
38 602
38 879
38 880
38 881
38 882
381 382
381 383
381 384
381 385
381 386
381 387
381 388
381 389
381 390
382 383
382 384
382 385
382 386
382 387
382 388
382 389
382 390
382 392
382 452
382 465
382 466
382 542
382 543
382 544
382 545
382 546
382 547
382 548
382 549
382 550
382 551
382 552
382 637
383 384
383 385
383 386
383 387
383 388
383 389
383 390
384 385
384 386
384 387
384 388
384 389
384 390
385 386
385 387
385 388
385 389
385 390
386 387
386 388
386 389
386 390
387 388
387 389
387 390
388 389
388 390
389 390
39 1135
39 1136
39 1137
39 1138
39 40
39 577
39 836
39 837
39 838
39 839
39 840
39 841
39 842
39 843
39 844
39 845
39 846
39 847
39 848
39 849
39 850
39 851
39 852
39 853
39 854
39 855
39 856
39 857
39 858
391 392
391 393
391 632
391 835
392 393
392 421
392 422
392 423
392 424
392 425
392 426
392 427
392 428
392 429
392 430
392 431
392 432
392 433
392 434
392 435
392 436
392 437
392 438
392 439
392 440
392 452
392 466
392 482
392 483
392 484
392 544
392 546
392 547
392 549
392 550
392 551
392 552
392 637
393 1020
393 1021
393 1022
393 1023
393 1024
393 1025
393 537
394 395
394 396
394 397
394 487
394 605
394 606
394 607
394 608
394 609
394 610
395 396
395 397
396 397
398 399
398 400
398 401
398 655
398 809
398 810
398 811
398 812
398 823
399 1181
399 1182
399 400
399 401
399 514
399 650
4 10
4 11
4 12
4 13
4 14
4 15
4 16
4 17
4 5
4 6
4 7
4 8
4 9
400 401
400 790
400 824
400 825
400 826
400 827
401 402
401 403
401 404
401 405
402 403
402 404
402 405
403 1038
403 1039
403 404
403 405
403 802
403 803
403 804
404 405
406 407
406 408
406 409
407 1144
407 408
407 409
408 409
409 410
409 411
409 412
41 216
41 283
41 284
41 285
41 286
41 287
41 288
41 289
41 290
41 291
41 292
41 293
41 294
41 295
41 296
41 297
41 298
41 299
41 300
41 301
41 302
41 303
41 357
41 42
41 43
41 44
41 45
41 46
41 47
41 936
41 990
41 991
41 992
41 993
41 994
410 1102
410 411
410 412
411 412
412 1165
412 1166
413 414
415 416
415 417
415 418
415 419
415 420
415 718
415 722
415 765
415 766
416 1090
416 417
416 418
416 419
416 420
416 476
416 477
416 478
416 485
416 486
416 686
416 708
416 770
416 780
417 1068
417 1083
417 1084
417 1085
417 1086
417 418
417 419
417 420
418 1170
418 1171
418 419
418 420
418 666
418 689
419 420
42 135
42 136
42 137
42 138
42 43
42 44
42 45
42 46
42 47
421 422
421 423
421 424
421 425
421 426
421 427
422 423
422 424
422 425
422 426
422 427
423 424
423 425
423 426
423 427
424 425
424 426
424 427
425 426
425 427
426 427
428 429
428 430
428 431
428 432
428 433
428 434
428 435
428 436
428 437
428 438
428 483
428 591
428 674
428 675
428 676
428 677
428 678
428 679
428 680
428 681
428 682
428 683
428 684
428 685
429 1018
429 1096
429 430
429 431
429 432
429 433
429 434
429 435
429 436
429 437
429 438
429 512
429 874
429 875
429 876
429 877
429 878
43 1036
43 1060
43 1061
43 1062
43 1063
43 1064
43 200
43 44
43 45
43 46
43 47
43 72
43 868
43 883
43 915
43 916
43 917
43 918
430 1030
430 1031
430 1032
430 431
430 432
430 433
430 434
430 435
430 436
430 437
430 438
430 580
430 658
430 659
430 660
430 661
430 662
430 663
430 664
430 665
431 432
431 433
431 434
431 435
431 436
431 437
431 438
432 433
432 434
432 435
432 436
432 437
432 438
433 434
433 435
433 436
433 437
433 438
434 435
434 436
434 437
434 438
435 436
435 437
435 438
436 1057
436 1058
436 1059
436 437
436 438
437 438
437 620
437 629
437 630
437 631
437 632
439 440
44 45
44 46
44 47
441 1176
441 442
441 443
441 444
441 445
441 446
441 447
442 443
442 444
442 445
442 446
442 447
443 444
443 445
443 446
443 447
443 539
443 540
443 541
444 445
444 446
444 447
444 493
444 689
445 446
445 447
445 670
445 671
445 672
445 673
446 447
448 449
448 450
448 451
448 452
449 450
449 451
449 452
45 46
45 47
450 451
450 452
451 452
452 544
452 546
452 547
452 549
452 637
453 454
453 455
453 742
453 743
453 744
453 745
454 455
456 1179
456 1180
456 457
456 458
456 459
456 808
457 458
457 459
457 468
457 469
457 470
457 971
457 972
457 973
457 974
457 975
458 459
458 468
458 469
458 470
459 1006
46 47
461 462
461 463
461 464
462 1158
462 1159
462 1160
462 1161
462 463
462 464
462 602
462 879
462 880
462 881
462 882
463 464
465 466
465 467
465 542
465 543
465 544
465 545
465 546
465 547
465 548
465 557
465 558
465 559
465 560
465 561
465 562
465 617
465 618
465 619
465 868
465 869
465 870
465 871
465 872
465 873
466 467
466 544
466 546
466 547
466 549
466 550
466 551
466 552
466 864
466 865
466 866
466 867
468 469
468 470
469 470
469 508
469 518
469 519
469 520
469 521
47 236
471 1044
471 1045
471 1046
471 1047
471 512
471 523
471 869
472 1167
472 1168
472 1169
472 473
472 474
472 475
472 486
472 686
472 687
472 688
472 712
472 713
472 714
472 732
472 782
472 783
472 784
473 474
473 475
474 475
476 477
476 478
476 479
476 480
476 481
476 488
477 1090
477 478
477 479
477 480
477 481
477 509
477 708
477 709
477 721
477 767
477 768
477 770
478 479
478 480
478 481
478 485
478 686
478 780
478 789
478 794
478 985
478 986
478 987
478 988
478 989
479 480
479 481
48 49
48 50
48 51
48 52
48 53
480 481
482 483
482 484
483 484
483 591
483 674
483 675
483 676
483 677
483 678
483 679
483 680
483 681
483 682
483 683
483 684
483 685
485 1103
485 486
485 686
485 780
486 686
486 687
486 688
488 708
488 711
489 490
489 491
489 492
489 493
489 494
489 495
489 814
49 1147
49 1148
49 1149
49 1150
49 137
49 139
49 140
49 141
49 142
49 143
49 144
49 50
49 51
49 52
49 53
490 491
490 492
490 493
490 494
490 495
491 492
491 493
491 494
491 495
491 496
491 497
491 498
491 499
491 500
491 501
491 502
491 503
492 1080
492 1081
492 1082
492 493
492 494
492 495
492 702
492 706
492 707
492 735
492 737
492 746
493 494
493 495
493 689
493 772
493 773
493 774
493 775
494 1091
494 1092
494 1093
494 1094
494 1095
494 495
494 737
494 746
495 1048
495 771
496 497
496 498
496 499
496 500
496 501
496 502
496 503
496 699
496 700
496 701
497 1103
497 1186
497 1187
497 1188
497 498
497 499
497 500
497 501
497 502
497 503
497 750
497 751
497 752
497 753
497 754
497 755
498 499
498 500
498 501
498 502
498 503
499 500
499 501
499 502
499 503
499 739
499 740
499 741
5 10
5 11
5 12
5 13
5 14
5 15
5 16
5 17
5 6
5 7
5 8
5 9
50 51
50 52
50 53
500 501
500 502
500 503
501 502
501 503
502 1008
502 1009
502 1010
502 503
502 965
504 505
504 506
504 507
504 508
505 506
505 507
505 508
506 507
506 508
507 508
508 1153
508 1154
508 1155
508 518
508 519
508 520
508 521
509 510
509 708
51 52
51 53
510 1033
510 1034
510 1035
510 1145
510 1146
511 512
511 868
511 877
511 956
511 957
511 958
511 966
511 967
511 968
511 969
511 970
512 1018
512 1044
512 1045
512 1046
512 1047
512 1096
512 523
512 869
512 874
512 875
512 876
512 877
512 878
513 514
514 1029
514 1181
514 1182
514 650
514 938
515 516
515 517
516 517
518 519
518 520
518 521
519 520
519 521
52 1108
52 1109
52 1110
52 1111
52 1112
52 1113
52 53
520 521
522 523
522 524
522 525
523 1044
523 1045
523 1046
523 1047
523 524
523 525
523 869
524 525
526 527
526 528
526 529
526 530
526 531
526 532
526 533
526 534
526 535
526 536
526 537
527 528
527 529
527 530
527 531
527 532
527 533
527 534
527 535
527 536
527 537
528 529
528 530
528 531
528 532
528 533
528 534
528 535
528 536
528 537
529 530
529 531
529 532
529 533
529 534
529 535
529 536
529 537
530 531
530 532
530 533
530 534
530 535
530 536
530 537
531 532
531 533
531 534
531 535
531 536
531 537
532 533
532 534
532 535
532 536
532 537
533 534
533 535
533 536
533 537
534 535
534 536
534 537
535 536
535 537
536 537
537 1018
537 1019
537 1020
537 1021
537 1022
537 1023
537 1024
537 1025
537 869
539 540
539 541
54 55
54 56
54 57
54 58
54 59
540 541
542 543
542 544
542 545
542 546
542 547
542 548
543 544
543 545
543 546
543 547
543 548
544 545
544 546
544 547
544 548
544 549
544 550
544 551
544 552
544 637
545 546
545 547
545 548
546 547
546 548
546 549
546 550
546 551
546 552
546 637
547 548
547 549
547 550
547 551
547 552
547 637
549 550
549 551
549 552
549 637
55 56
55 57
55 58
55 59
550 551
550 552
551 552
553 554
553 555
553 556
554 555
554 556
555 556
557 558
557 559
557 560
557 561
557 562
557 617
557 618
557 619
558 559
558 560
558 561
558 562
559 560
559 561
559 562
56 57
56 58
56 59
560 561
560 562
560 617
560 618
560 619
561 562
563 564
564 1014
564 1015
564 1016
564 1017
564 796
565 566
565 567
565 568
565 569
565 570
565 571
565 572
565 573
565 574
566 1114
566 1115
566 1116
566 1117
566 1118
566 1119
566 1120
566 1121
566 1122
566 1123
566 1124
566 1125
566 1126
566 1127
566 1128
566 1129
566 1130
566 1131
566 1132
566 1133
566 1134
566 567
566 568
566 569
566 570
566 571
566 572
566 573
566 574
567 568
567 569
568 569
57 247
57 315
57 316
57 58
57 59
570 571
570 572
570 573
570 574
571 572
571 573
571 574
572 573
572 574
573 574
575 576
575 577
575 578
575 579
575 580
575 581
575 582
575 583
575 584
575 585
576 577
576 578
576 579
576 580
576 581
576 582
576 583
576 584
576 585
577 1135
577 1136
577 1137
577 1138
577 578
577 579
577 580
577 581
577 582
577 583
577 584
577 585
577 857
578 579
578 580
578 581
578 582
578 583
578 584
578 585
579 580
579 581
579 582
579 583
579 584
579 585
58 1114
58 1115
58 1116
58 1117
58 1118
58 1119
58 1120
58 1121
58 1122
58 1123
58 1124
58 1125
58 1126
58 1127
58 1128
58 1129
58 1130
58 1131
58 1132
58 1133
58 1134
58 566
58 59
580 581
580 582
580 583
580 584
580 585
580 658
580 659
580 660
580 661
580 662
580 663
580 664
580 665
581 582
581 583
581 584
581 585
582 583
582 584
582 585
583 584
583 585
584 585
586 587
586 588
586 589
586 590
587 588
587 589
587 590
588 589
588 590
588 690
588 691
588 692
588 693
588 694
589 590
591 592
591 593
591 594
591 674
591 675
591 676
591 677
591 678
591 679
591 680
591 681
591 682
591 683
591 684
591 685
591 947
591 948
592 593
592 594
593 594
595 596
595 597
595 598
595 599
595 600
595 601
595 602
595 603
595 604
596 597
596 598
596 599
596 600
596 601
596 602
596 603
596 604
597 598
597 599
597 600
597 601
597 602
597 603
597 604
598 599
598 600
598 601
598 602
598 603
598 604
599 600
599 601
599 602
599 603
599 604
6 10
6 11
6 12
6 13
6 14
6 15
6 16
6 17
6 7
6 8
6 9
60 161
60 311
60 312
60 453
60 61
60 62
60 63
60 64
60 65
60 742
60 743
60 744
60 745
60 996
60 997
60 998
600 601
600 602
600 603
600 604
601 602
601 603
601 604
602 603
602 604
602 879
602 880
602 881
602 882
603 604
605 606
605 607
605 608
605 609
605 610
606 607
606 608
606 609
606 610
607 608
607 609
607 610
608 609
608 610
609 610
61 62
61 63
61 64
61 65
611 612
611 798
611 799
611 800
611 801
613 614
613 615
613 616
614 615
614 616
615 616
617 618
617 619
618 619
62 63
62 64
62 65
620 621
620 622
620 623
620 624
620 625
620 626
620 627
620 628
620 629
620 630
620 631
620 632
621 622
621 623
621 624
621 625
621 626
621 627
621 628
622 623
622 624
622 625
622 626
622 627
622 628
623 624
623 625
623 626
623 627
623 628
624 625
624 626
624 627
624 628
625 626
625 627
625 628
626 627
626 628
627 628
629 630
629 631
629 632
63 64
63 65
630 631
630 632
631 632
632 835
633 634
633 635
633 636
634 635
634 636
634 672
634 883
634 884
634 885
635 636
638 639
638 640
638 641
639 640
639 641
64 65
640 641
642 643
642 644
642 645
642 646
642 647
642 648
643 644
643 645
643 646
643 647
643 648
644 645
644 646
644 647
644 648
645 646
645 647
645 648
646 647
646 648
647 648
649 650
649 651
649 652
649 653
649 654
650 1181
650 1182
650 651
650 652
650 653
650 654
651 652
651 653
651 654
652 653
652 654
653 654
655 656
655 657
655 789
655 790
655 791
655 792
655 793
655 794
655 809
655 810
655 811
655 936
655 937
655 938
655 939
656 657
658 659
658 660
658 661
658 662
658 663
658 664
658 665
659 660
659 661
659 662
659 663
659 664
659 665
66 67
66 68
66 69
66 70
66 71
660 661
660 662
660 663
660 664
660 665
661 662
661 663
661 664
661 665
662 663
662 664
662 665
663 664
663 665
664 665
666 1170
666 1171
666 667
666 668
666 669
666 689
666 829
666 979
666 995
667 668
667 669
668 669
67 68
67 69
67 70
67 71
670 671
670 672
670 673
671 672
671 673
672 673
672 883
672 884
672 885
674 675
674 676
674 677
674 678
674 679
674 680
674 681
674 682
674 683
674 684
674 685
675 676
675 677
675 678
675 679
675 680
675 681
675 682
675 683
675 684
675 685
676 677
676 678
676 679
676 680
676 681
676 682
676 683
676 684
676 685
677 678
677 679
677 680
677 681
677 682
677 683
677 684
677 685
678 679
678 680
678 681
678 682
678 683
678 684
678 685
679 680
679 681
679 682
679 683
679 684
679 685
68 69
68 70
68 71
680 681
680 682
680 683
680 684
680 685
681 682
681 683
681 684
681 685
682 683
682 684
682 685
683 684
683 685
684 685
686 687
686 688
686 780
687 688
689 1170
689 1171
69 70
69 71
690 691
690 692
690 693
690 694
691 692
691 693
691 694
692 693
692 694
693 694
695 696
695 697
695 698
696 697
696 698
697 698
698 1049
698 1050
698 1051
698 762
698 763
698 764
698 781
699 700
699 701
7 10
7 11
7 12
7 13
7 14
7 15
7 16
7 17
7 8
7 9
70 522
70 523
70 524
70 525
70 71
70 815
70 816
70 817
70 818
700 701
700 710
702 703
702 704
702 705
702 706
702 707
703 704
703 705
704 705
706 707
707 1028
707 1043
707 760
708 1090
708 709
708 711
708 770
710 1183
710 1184
710 1185
710 999
712 713
712 714
713 714
715 1003
715 1004
715 716
715 717
715 770
715 788
715 794
716 717
718 719
718 720
718 721
718 722
718 765
718 766
718 769
718 770
718 771
719 720
719 721
72 1036
72 1037
72 73
72 74
72 75
72 76
72 77
72 78
72 79
720 721
721 1002
721 1069
721 1070
721 1071
721 1072
721 1073
721 1074
721 1075
721 767
721 768
722 737
723 1040
723 724
723 725
723 726
724 1040
724 725
724 726
725 1167
725 1175
725 1176
725 1177
725 1178
725 726
725 727
725 803
725 811
726 1040
726 1164
726 727
726 780
728 729
728 776
728 777
728 778
728 779
729 776
729 777
729 778
729 779
729 794
73 74
73 75
73 76
73 77
73 78
73 79
73 80
73 81
73 82
730 731
730 732
730 747
730 748
730 749
731 732
731 736
732 1041
732 1042
732 1167
732 1168
732 1169
732 736
733 734
736 1041
736 1042
737 738
737 746
739 740
739 741
74 75
74 76
74 77
74 78
74 79
740 741
742 743
742 744
742 745
742 859
742 860
742 861
742 862
742 863
743 744
743 745
744 745
747 748
747 749
748 749
75 76
75 77
75 78
75 79
750 751
750 752
750 753
750 754
750 755
751 752
751 753
751 754
751 755
752 753
752 754
752 755
753 754
753 755
754 755
756 757
756 758
756 759
756 760
756 761
756 828
756 976
756 977
757 758
757 759
757 760
757 761
758 759
758 760
758 761
759 760
759 761
76 77
76 78
76 79
760 1028
760 1043
760 761
762 763
762 764
763 764
765 1071
765 1074
765 1107
765 766
765 788
767 768
769 770
769 771
77 382
77 465
77 542
77 543
77 544
77 545
77 546
77 547
77 548
77 78
77 79
770 1003
770 1004
770 1090
770 771
770 788
770 794
771 1048
772 773
772 774
772 775
773 774
773 775
774 775
776 777
776 778
776 779
777 778
777 779
778 779
78 79
780 1040
780 1164
781 1172
781 1173
781 1174
781 804
781 813
782 783
782 784
783 784
785 786
785 795
785 796
785 797
787 788
787 812
788 1003
788 1004
788 1011
788 1012
788 1013
788 1052
788 1053
788 1054
788 1071
788 1074
788 1107
788 794
788 819
789 790
789 791
789 792
789 793
79 1172
79 1173
79 1174
79 781
790 1007
790 791
790 792
790 793
790 824
790 825
790 826
790 827
791 792
791 793
792 793
794 1003
794 1004
794 819
794 939
794 985
794 986
794 987
794 988
794 989
795 796
795 797
796 1014
796 1015
796 1016
796 1017
796 797
798 799
798 800
798 801
799 800
799 801
8 10
8 11
8 12
8 13
8 14
8 15
8 16
8 17
8 9
80 81
80 82
800 801
802 803
802 804
803 804
803 811
804 813
805 806
805 807
805 808
806 807
806 808
807 808
808 1179
808 1180
809 810
809 811
81 1156
81 1157
81 82
810 811
812 823
815 816
815 817
815 818
816 817
816 818
816 940
816 941
816 942
817 1087
817 1088
817 1089
817 818
82 1018
82 1019
82 142
82 183
82 184
82 317
82 362
82 429
82 437
82 512
82 537
82 620
82 629
82 630
82 631
82 632
82 86
82 869
82 874
82 875
82 876
82 877
82 878
820 821
820 822
821 822
822 883
822 907
822 908
822 909
824 825
824 826
824 827
825 826
825 827
826 827
828 976
828 977
829 830
829 979
829 995
83 256
83 304
83 305
83 308
83 365
83 633
83 634
83 635
83 636
83 84
83 85
83 86
83 87
83 959
83 960
83 961
83 962
83 963
83 964
832 833
832 834
833 834
836 837
836 838
836 839
836 840
836 841
836 842
836 843
836 844
836 845
836 846
836 847
836 848
836 849
836 850
836 851
836 852
836 853
836 854
836 855
836 856
836 857
836 858
837 838
837 839
837 840
837 841
837 842
837 843
837 844
837 845
837 846
837 847
837 848
837 849
837 850
837 851
837 852
837 853
837 854
837 855
837 856
837 857
837 858
838 839
838 840
838 841
838 842
838 843
838 844
838 845
838 846
838 847
838 848
838 849
838 850
838 851
838 852
838 853
838 854
838 855
838 856
838 857
838 858
839 840
839 841
839 842
839 843
839 844
839 845
839 846
839 847
839 848
839 849
839 850
839 851
839 852
839 853
839 854
839 855
839 856
839 857
839 858
84 138
84 201
84 202
84 85
84 86
84 87
840 841
840 842
840 843
840 844
840 845
840 846
840 847
840 848
840 849
840 850
840 851
840 852
840 853
840 854
840 855
840 856
840 857
840 858
841 842
841 843
841 844
841 845
841 846
841 847
841 848
841 849
841 850
841 851
841 852
841 853
841 854
841 855
841 856
841 857
841 858
842 843
842 844
842 845
842 846
842 847
842 848
842 849
842 850
842 851
842 852
842 853
842 854
842 855
842 856
842 857
842 858
843 844
843 845
843 846
843 847
843 848
843 849
843 850
843 851
843 852
843 853
843 854
843 855
843 856
843 857
843 858
844 845
844 846
844 847
844 848
844 849
844 850
844 851
844 852
844 853
844 854
844 855
844 856
844 857
844 858
845 846
845 847
845 848
845 849
845 850
845 851
845 852
845 853
845 854
845 855
845 856
845 857
845 858
846 847
846 848
846 849
846 850
846 851
846 852
846 853
846 854
846 855
846 856
846 857
846 858
847 848
847 849
847 850
847 851
847 852
847 853
847 854
847 855
847 856
847 857
847 858
848 849
848 850
848 851
848 852
848 853
848 854
848 855
848 856
848 857
848 858
849 850
849 851
849 852
849 853
849 854
849 855
849 856
849 857
849 858
85 86
85 87
85 88
85 89
85 90
85 91
850 851
850 852
850 853
850 854
850 855
850 856
850 857
850 858
851 852
851 853
851 854
851 855
851 856
851 857
851 858
852 853
852 854
852 855
852 856
852 857
852 858
853 854
853 855
853 856
853 857
853 858
854 855
854 856
854 857
854 858
855 856
855 857
855 858
856 857
856 858
857 1135
857 1136
857 1137
857 1138
857 858
858 1162
858 1163
859 860
859 861
859 862
859 863
86 142
86 184
86 317
86 362
86 392
86 421
86 422
86 423
86 424
86 425
86 426
86 427
86 437
86 460
86 620
86 629
86 630
86 631
86 632
86 87
860 861
860 862
860 863
861 862
861 863
862 863
864 865
864 866
864 867
865 866
865 867
866 867
868 1060
868 1061
868 1062
868 1063
868 1064
868 869
868 870
868 871
868 872
868 873
868 956
868 957
868 958
869 1018
869 1019
869 1044
869 1045
869 1046
869 1047
869 870
869 871
869 872
869 873
870 871
870 872
870 873
871 872
871 873
872 873
872 949
872 950
872 951
872 952
872 953
872 954
872 955
874 875
874 876
874 877
874 878
875 876
875 877
875 878
876 877
876 878
877 878
877 966
877 967
877 968
877 969
877 970
879 880
879 881
879 882
88 183
88 471
88 89
88 90
88 91
880 881
880 882
881 882
883 884
883 885
883 886
883 887
883 888
883 889
883 890
883 891
883 892
883 893
883 894
883 896
883 897
883 898
883 899
883 900
883 901
883 902
883 903
883 904
883 905
883 906
883 907
883 908
883 909
883 910
883 911
883 912
883 913
883 914
883 915
883 916
883 917
883 918
883 919
883 920
883 921
883 922
883 923
883 924
883 925
883 926
883 927
883 928
884 885
886 887
886 888
887 888
889 890
889 891
889 892
89 106
89 199
89 200
89 214
89 334
89 375
89 376
89 377
89 378
89 379
89 380
89 883
89 893
89 894
89 90
89 91
890 891
890 892
891 892
893 894
896 897
898 899
898 900
898 901
898 902
899 900
899 901
899 902
9 10
9 11
9 12
9 13
9 14
9 15
9 16
9 17
90 91
900 901
900 902
901 902
903 904
903 905
903 906
904 905
904 906
905 906
905 919
905 920
905 921
905 922
905 923
905 924
905 925
905 926
905 927
907 908
907 909
908 909
91 131
91 132
910 911
910 912
910 913
910 914
911 912
911 913
911 914
912 913
912 914
913 914
915 916
915 917
915 918
916 917
916 918
917 918
919 920
919 921
919 922
919 923
919 924
919 925
919 926
919 927
92 276
92 277
92 278
92 279
92 280
92 281
92 282
92 563
92 564
92 93
92 94
92 95
92 96
920 921
920 922
920 923
920 924
920 925
920 926
920 927
921 922
921 923
921 924
921 925
921 926
921 927
922 923
922 924
922 925
922 926
922 927
923 924
923 925
923 926
923 927
924 925
924 926
924 927
925 926
925 927
926 927
929 930
929 931
929 932
929 933
929 934
929 935
93 94
93 95
93 96
930 1055
930 1056
930 931
930 932
930 933
930 934
930 935
931 932
931 933
931 934
931 935
932 933
932 934
932 935
933 934
933 935
934 935
936 937
936 938
936 990
936 991
936 992
936 993
936 994
937 938
938 1029
94 95
94 96
940 941
940 942
941 942
943 944
943 945
943 946
944 945
944 946
945 946
946 1076
946 1077
946 1078
946 1079
947 948
949 950
949 951
949 952
949 953
949 954
949 955
95 96
950 951
950 952
950 953
950 954
950 955
951 952
951 953
951 954
951 955
952 953
952 954
952 955
953 954
953 955
954 955
956 957
956 958
957 958
959 960
959 961
959 962
959 963
959 964
960 961
960 962
960 963
960 964
961 962
961 963
961 964
962 963
962 964
963 964
966 967
966 968
966 969
966 970
967 968
967 969
967 970
968 969
968 970
969 1139
969 1140
969 1141
969 1142
969 1143
969 970
97 170
97 171
97 172
97 249
97 250
97 251
97 489
97 814
97 816
97 940
97 941
97 942
97 98
97 99
971 972
971 973
971 974
971 975
972 973
972 974
972 975
973 974
973 975
974 975
976 977
978 979
978 980
978 981
978 982
978 983
978 984
979 980
979 981
979 982
979 983
979 984
979 995
98 99
980 981
980 982
980 983
980 984
981 982
981 983
981 984
982 983
982 984
983 984
985 986
985 987
985 988
985 989
986 987
986 988
986 989
987 988
987 989
988 989
990 991
990 992
990 993
990 994
991 992
991 993
991 994
992 993
992 994
993 994
996 997
996 998
997 998
999 1000
999 1001
999 1002
999 1183
999 1184
999 1185
