1,1,108
2,1,149
3,1,233
4,1,318
5,1,319
6,1,511
7,1,512
8,1,516
9,1,517
10,1,518
11,1,519
12,1,520
13,1,521
14,1,66
15,1,68
16,10,106
17,10,147
18,10,279
19,10,284
20,10,305
21,10,346
22,10,369
23,10,530
24,10,85
25,100,345
26,100,502
27,101,349
28,102,131
29,102,134
30,102,274
31,102,342
32,102,451
33,103,165
34,103,186
35,103,227
36,103,297
37,103,298
38,103,303
39,103,367
40,103,397
41,103,398
42,103,412
43,104,184
44,105,334
45,105,438
46,106,279
47,107,125
48,107,177
49,107,178
50,107,314
51,108,233
52,109,110
53,109,124
54,109,141
55,109,231
56,109,321
57,11,113
58,11,12
59,11,13
60,11,14
61,11,170
62,11,308
63,110,124
64,110,125
65,110,141
66,110,177
67,110,178
68,110,182
69,110,183
70,110,205
71,110,213
72,110,231
73,110,240
74,110,312
75,110,321
76,110,340
77,110,482
78,110,483
79,110,509
80,111,203
81,111,348
82,111,404
83,111,513
84,112,443
85,115,189
86,115,209
87,116,119
88,116,293
89,116,390
90,117,323
91,119,239
92,119,263
93,119,267
94,119,377
95,119,390
96,12,13
97,12,14
98,12,177
99,12,359
100,12,360
101,12,439
102,12,44
103,12,45
104,12,473
105,12,491
106,12,531
107,12,536
108,12,70
109,120,121
110,120,276
111,120,286
112,120,287
113,121,276
114,121,286
115,121,287
116,122,162
117,124,141
118,124,231
119,124,321
120,125,177
121,125,178
122,125,205
123,125,213
124,125,314
125,125,340
126,127,264
127,127,485
128,13,14
129,130,161
130,130,322
131,132,210
132,133,145
133,133,229
134,134,274
135,138,143
136,139,385
137,14,102
138,14,103
139,14,111
140,14,131
141,14,134
142,14,163
143,14,166
144,14,200
145,14,203
146,14,225
147,14,228
148,14,257
149,14,274
150,14,324
151,14,342
152,14,344
153,14,348
154,14,350
155,14,389
156,14,39
157,14,404
158,14,407
159,14,430
160,14,440
161,14,447
162,14,448
163,14,449
164,14,451
165,14,506
166,14,507
167,14,513
168,14,59
169,14,60
170,14,61
171,14,86
172,14,90
173,14,91
174,14,92
175,140,152
176,140,411
177,141,231
178,141,321
179,141,409
180,141,455
181,144,249
182,144,278
183,144,406
184,144,429
185,145,454
186,146,268
187,146,269
188,146,459
189,146,460
190,146,461
191,146,462
192,146,463
193,146,464
194,146,465
195,15,16
196,150,290
197,151,424
198,152,411
199,153,154
200,155,265
201,156,208
202,157,234
203,157,235
204,158,159
205,16,261
206,16,27
207,16,288
208,16,356
209,16,79
210,160,357
211,160,358
212,160,370
213,160,371
214,160,372
215,160,373
216,160,474
217,160,475
218,160,476
219,161,322
220,163,225
221,163,302
222,163,407
223,164,291
224,164,450
225,165,227
226,166,175
227,166,193
228,166,198
229,166,279
230,166,324
231,166,407
232,166,444
233,166,507
234,168,352
235,168,416
236,168,417
237,168,418
238,168,419
239,17,160
240,17,18
241,17,19
242,17,357
243,17,358
244,17,370
245,17,371
246,17,372
247,17,373
248,17,39
249,17,393
250,17,423
251,17,431
252,17,432
253,17,433
254,17,434
255,17,435
256,17,436
257,17,467
258,17,474
259,17,475
260,17,476
261,17,85
262,172,355
263,175,193
264,175,198
265,175,259
266,175,351
267,175,353
268,175,367
269,175,489
270,177,178
271,177,205
272,177,314
273,177,439
274,177,538
275,178,205
276,178,314
277,179,181
278,179,486
279,18,104
280,18,108
281,18,132
282,18,184
283,18,19
284,18,202
285,18,210
286,18,402
287,180,450
288,181,211
289,182,183
290,182,240
291,182,482
292,182,483
293,182,509
294,183,240
295,183,482
296,183,483
297,183,509
298,185,289
299,185,354
300,186,297
301,186,298
302,186,333
303,186,367
304,186,412
305,187,234
306,188,272
307,189,209
308,19,153
309,19,154
310,19,168
311,19,262
312,19,352
313,19,416
314,19,417
315,19,418
316,19,419
317,19,426
318,19,466
319,19,504
320,19,505
321,19,83
322,19,85
323,191,331
324,192,306
325,193,198
326,195,196
327,197,229
328,197,292
329,2,127
330,2,133
331,2,145
332,2,197
333,2,229
334,2,232
335,2,264
336,2,273
337,2,281
338,2,292
339,2,3
340,2,4
341,2,453
342,2,454
343,2,485
344,2,5
345,2,503
346,2,533
347,20,123
348,20,209
349,20,216
350,20,280
351,20,310
352,20,487
353,20,68
354,20,80
355,20,93
356,201,471
357,202,402
358,203,257
359,203,324
360,203,348
361,203,350
362,203,404
363,203,513
364,204,220
365,204,328
366,204,441
367,204,495
368,204,496
369,204,497
370,204,498
371,204,499
372,204,500
373,208,427
374,21,139
375,21,174
376,21,212
377,21,22
378,21,222
379,21,251
380,21,252
381,21,253
382,21,254
383,21,385
384,21,424
385,21,442
386,21,472
387,21,488
388,21,490
389,21,494
390,21,510
391,21,94
392,21,95
393,21,96
394,212,251
395,212,252
396,212,253
397,212,254
398,213,237
399,213,340
400,215,232
401,215,245
402,215,295
403,215,391
404,215,395
405,215,396
406,216,310
407,217,218
408,217,219
409,218,219
410,22,151
411,22,169
412,22,206
413,22,424
414,220,328
415,220,441
416,220,495
417,220,496
418,220,497
419,220,498
420,220,499
421,220,500
422,225,407
423,226,227
424,227,299
425,227,367
426,227,471
427,229,273
428,229,292
429,229,453
430,23,100
431,23,207
432,23,221
433,23,230
434,23,24
435,23,307
436,23,313
437,23,325
438,23,326
439,23,502
440,23,540
441,23,541
442,23,542
443,231,321
444,232,264
445,232,270
446,234,235
447,234,236
448,234,316
449,234,446
450,234,537
451,235,236
452,239,267
453,24,136
454,24,207
455,24,296
456,24,313
457,24,399
458,24,515
459,24,544
460,24,73
461,240,482
462,240,483
463,240,509
464,241,458
465,242,381
466,242,382
467,243,244
468,245,295
469,249,250
470,249,278
471,249,344
472,25,247
473,25,26
474,25,275
475,25,309
476,25,332
477,25,335
478,25,339
479,25,410
480,25,514
481,251,252
482,251,253
483,251,254
484,252,253
485,252,254
486,253,254
487,257,324
488,259,353
489,259,367
490,259,489
491,26,100
492,26,103
493,26,107
494,26,109
495,26,110
496,26,123
497,26,124
498,26,125
499,26,126
500,26,140
501,26,141
502,26,150
503,26,152
504,26,176
505,26,177
506,26,178
507,26,179
508,26,181
509,26,182
510,26,183
511,26,191
512,26,205
513,26,208
514,26,213
515,26,231
516,26,237
517,26,238
518,26,240
519,26,241
520,26,246
521,26,277
522,26,290
523,26,303
524,26,312
525,26,314
526,26,321
527,26,329
528,26,331
529,26,34
530,26,340
531,26,345
532,26,361
533,26,362
534,26,365
535,26,378
536,26,379
537,26,400
538,26,411
539,26,427
540,26,458
541,26,482
542,26,483
543,26,484
544,26,486
545,26,49
546,26,492
547,26,50
548,26,509
549,26,528
550,26,534
551,26,67
552,26,71
553,26,72
554,264,292
555,264,485
556,264,503
557,264,533
558,268,269
559,268,459
560,268,460
561,268,461
562,268,462
563,268,463
564,268,464
565,268,465
566,269,459
567,269,460
568,269,461
569,269,462
570,269,463
571,269,464
572,269,465
573,27,118
574,27,128
575,27,194
576,27,223
577,27,261
578,27,271
579,27,294
580,27,51
581,27,57
582,27,89
583,27,99
584,273,281
585,273,453
586,276,286
587,276,287
588,28,163
589,28,29
590,28,302
591,282,283
592,285,478
593,285,522
594,285,523
595,285,524
596,285,525
597,285,529
598,286,287
599,289,354
600,292,485
601,293,535
602,296,399
603,296,544
604,297,298
605,297,333
606,297,367
607,297,412
608,298,333
609,298,367
610,298,412
611,3,185
612,3,289
613,3,292
614,3,354
615,3,4
616,30,164
617,30,31
618,30,32
619,304,305
620,304,539
621,305,369
622,305,539
623,307,540
624,307,541
625,309,410
626,31,101
627,31,120
628,31,121
629,31,123
630,31,155
631,31,164
632,31,180
633,31,190
634,31,215
635,31,234
636,31,265
637,31,266
638,31,276
639,31,286
640,31,287
641,31,291
642,31,32
643,31,349
644,31,383
645,31,395
646,31,396
647,31,42
648,31,450
649,31,468
650,31,477
651,31,493
652,31,545
653,31,546
654,31,547
655,31,548
656,31,549
657,31,79
658,31,97
659,311,337
660,311,526
661,315,380
662,315,445
663,315,456
664,318,319
665,319,516
666,319,517
667,319,518
668,319,519
669,319,520
670,319,521
671,32,101
672,32,142
673,32,164
674,32,166
675,32,79
676,324,407
677,324,507
678,325,326
679,328,441
680,328,495
681,328,496
682,328,497
683,328,498
684,328,499
685,328,500
686,33,117
687,33,255
688,33,323
689,33,347
690,33,51
691,331,361
692,331,362
693,332,339
694,334,438
695,336,344
696,337,526
697,338,366
698,338,367
699,338,374
700,338,375
701,338,420
702,34,135
703,34,246
704,34,301
705,34,341
706,34,35
707,34,36
708,34,363
709,34,364
710,34,37
711,34,65
712,341,363
713,341,364
714,343,367
715,343,421
716,343,422
717,343,469
718,343,470
719,348,404
720,348,513
721,35,148
722,35,156
723,35,208
724,35,215
725,35,232
726,35,300
727,35,301
728,35,341
729,35,36
730,35,363
731,35,37
732,35,391
733,35,543
734,35,65
735,352,416
736,352,417
737,352,418
738,352,419
739,353,367
740,353,489
741,357,358
742,357,370
743,357,371
744,357,372
745,357,373
746,357,474
747,357,475
748,357,476
749,358,370
750,358,371
751,358,372
752,358,373
753,358,474
754,358,475
755,358,476
756,359,360
757,359,531
758,36,105
759,36,135
760,36,215
761,36,232
762,36,234
763,36,245
764,36,282
765,36,283
766,36,295
767,36,301
768,36,316
769,36,334
770,36,341
771,36,363
772,36,37
773,36,438
774,36,64
775,36,65
776,360,531
777,361,362
778,363,364
779,366,367
780,366,374
781,366,375
782,366,420
783,367,374
784,367,375
785,367,412
786,367,420
787,367,421
788,367,422
789,367,469
790,367,470
791,367,489
792,367,501
793,37,157
794,37,187
795,37,214
796,37,215
797,37,232
798,37,234
799,37,235
800,37,236
801,37,248
802,37,258
803,37,270
804,37,311
805,37,316
806,37,337
807,37,446
808,37,526
809,37,527
810,37,537
811,37,54
812,37,55
813,37,56
814,37,64
815,370,371
816,370,372
817,370,373
818,370,474
819,370,475
820,370,476
821,371,372
822,371,373
823,371,474
824,371,475
825,371,476
826,372,373
827,372,474
828,372,475
829,372,476
830,373,474
831,373,475
832,373,476
833,374,375
834,374,420
835,375,420
836,376,384
837,38,39
838,38,40
839,38,405
840,380,456
841,381,382
842,383,468
843,383,477
844,383,493
845,383,545
846,383,546
847,383,547
848,383,548
849,383,549
850,386,387
851,386,388
852,386,414
853,386,415
854,387,388
855,387,414
856,387,415
857,388,414
858,388,415
859,389,440
860,39,102
861,39,129
862,39,130
863,39,131
864,39,158
865,39,159
866,39,160
867,39,161
868,39,166
869,39,172
870,39,175
871,39,181
872,39,193
873,39,198
874,39,211
875,39,215
876,39,228
877,39,245
878,39,249
879,39,250
880,39,274
881,39,322
882,39,324
883,39,336
884,39,342
885,39,344
886,39,351
887,39,355
888,39,357
889,39,358
890,39,370
891,39,371
892,39,372
893,39,373
894,39,389
895,39,40
896,39,401
897,39,405
898,39,407
899,39,440
900,39,444
901,39,474
902,39,475
903,39,476
904,39,479
905,39,480
906,39,481
907,39,507
908,39,508
909,39,61
910,39,87
911,39,88
912,39,90
913,39,91
914,393,423
915,393,431
916,393,432
917,393,433
918,393,434
919,393,435
920,393,436
921,393,467
922,395,396
923,4,115
924,4,127
925,4,133
926,4,164
927,4,166
928,4,189
929,4,197
930,4,209
931,4,229
932,4,27
933,4,271
934,4,273
935,4,279
936,4,281
937,4,292
938,4,386
939,4,387
940,4,388
941,4,408
942,4,414
943,4,415
944,4,485
945,4,5
946,4,533
947,4,57
948,4,89
949,40,150
950,40,166
951,40,175
952,40,188
953,40,192
954,40,193
955,40,195
956,40,196
957,40,198
958,40,249
959,40,250
960,40,272
961,40,306
962,40,425
963,40,428
964,40,47
965,40,48
966,40,532
967,40,58
968,40,69
969,40,75
970,40,95
971,400,484
972,400,492
973,400,528
974,401,508
975,404,506
976,404,513
977,407,479
978,407,507
979,41,114
980,41,116
981,41,119
982,41,122
983,41,146
984,41,162
985,41,167
986,41,173
987,41,239
988,41,263
989,41,267
990,41,268
991,41,269
992,41,293
993,41,377
994,41,390
995,41,42
996,41,459
997,41,46
998,41,460
999,41,461
1000,41,462
1001,41,463
1002,41,464
1003,41,465
1004,41,52
1005,41,53
1006,41,535
1007,41,74
1008,41,77
1009,41,84
1010,41,85
1011,414,415
1012,416,417
1013,416,418
1014,416,419
1015,417,418
1016,417,419
1017,418,419
1018,42,144
1019,42,155
1020,42,243
1021,42,244
1022,42,249
1023,42,265
1024,42,278
1025,42,304
1026,42,305
1027,42,406
1028,42,429
1029,42,539
1030,42,61
1031,42,84
1032,42,85
1033,421,422
1034,421,469
1035,421,470
1036,422,469
1037,422,470
1038,423,431
1039,423,432
1040,423,433
1041,423,434
1042,423,435
1043,423,436
1044,423,467
1045,424,442
1046,424,488
1047,424,510
1048,43,171
1049,43,177
1050,43,260
1051,43,376
1052,43,384
1053,43,538
1054,430,447
1055,430,448
1056,430,449
1057,431,432
1058,431,433
1059,431,434
1060,431,435
1061,431,436
1062,432,433
1063,432,434
1064,432,435
1065,432,436
1066,433,434
1067,433,435
1068,433,436
1069,434,435
1070,434,436
1071,435,436
1072,436,467
1073,44,137
1074,44,138
1075,44,143
1076,44,150
1077,44,199
1078,44,45
1079,44,77
1080,44,78
1081,44,79
1082,441,495
1083,441,496
1084,441,497
1085,441,498
1086,441,499
1087,441,500
1088,442,488
1089,442,494
1090,442,510
1091,445,456
1092,446,537
1093,447,448
1094,447,449
1095,448,449
1096,45,199
1097,452,457
1098,459,460
1099,459,461
1100,459,462
1101,459,463
1102,459,464
1103,459,465
1104,460,461
1105,460,462
1106,460,463
1107,460,464
1108,460,465
1109,461,462
1110,461,463
1111,461,464
1112,461,465
1113,462,463
1114,462,464
1115,462,465
1116,463,464
1117,463,465
1118,464,465
1119,466,505
1120,468,477
1121,468,493
1122,468,545
1123,468,546
1124,468,547
1125,468,548
1126,468,549
1127,469,470
1128,47,58
1129,472,490
1130,473,491
1131,474,475
1132,474,476
1133,475,476
1134,477,493
1135,477,545
1136,477,546
1137,477,547
1138,477,548
1139,477,549
1140,478,522
1141,478,523
1142,478,524
1143,478,525
1144,478,529
1145,479,480
1146,479,481
1147,48,75
1148,480,481
1149,482,483
1150,482,509
1151,483,509
1152,484,492
1153,484,528
1154,485,503
1155,488,510
1156,489,501
1157,49,110
1158,49,179
1159,49,182
1160,49,183
1161,49,237
1162,49,240
1163,49,241
1164,49,277
1165,49,329
1166,49,400
1167,49,458
1168,49,482
1169,49,483
1170,49,484
1171,49,486
1172,49,492
1173,49,50
1174,49,509
1175,49,528
1176,492,528
1177,493,545
1178,493,546
1179,493,547
1180,493,548
1181,493,549
1182,495,496
1183,495,497
1184,495,498
1185,495,499
1186,495,500
1187,496,497
1188,496,498
1189,496,499
1190,496,500
1191,497,498
1192,497,499
1193,497,500
1194,498,499
1195,498,500
1196,499,500
1197,5,273
1198,5,330
1199,50,110
1200,50,182
1201,50,183
1202,50,240
1203,50,241
1204,50,458
1205,50,482
1206,50,483
1207,50,509
1208,51,117
1209,51,128
1210,51,255
1211,51,323
1212,51,347
1213,511,512
1214,516,517
1215,516,518
1216,516,519
1217,516,520
1218,516,521
1219,517,518
1220,517,519
1221,517,520
1222,517,521
1223,518,519
1224,518,520
1225,518,521
1226,519,520
1227,519,521
1228,52,173
1229,52,53
1230,520,521
1231,522,523
1232,522,524
1233,522,525
1234,523,524
1235,523,525
1236,524,525
1237,53,173
1238,54,234
1239,54,337
1240,54,446
1241,54,537
1242,54,55
1243,54,56
1244,540,541
1245,545,546
1246,545,547
1247,545,548
1248,545,549
1249,546,547
1250,546,548
1251,546,549
1252,547,548
1253,547,549
1254,548,549
1255,55,56
1256,56,234
1257,56,337
1258,56,446
1259,56,537
1260,57,166
1261,57,189
1262,57,209
1263,57,271
1264,57,279
1265,57,89
1266,58,150
1267,58,175
1268,58,272
1269,58,95
1270,59,102
1271,59,342
1272,6,141
1273,6,20
1274,6,224
1275,6,256
1276,6,327
1277,6,409
1278,6,455
1279,61,144
1280,61,166
1281,61,203
1282,61,249
1283,61,278
1284,61,324
1285,61,407
1286,61,507
1287,62,103
1288,62,397
1289,63,315
1290,63,380
1291,63,392
1292,63,445
1293,63,456
1294,63,76
1295,63,98
1296,64,527
1297,64,65
1298,65,232
1299,65,295
1300,65,301
1301,65,334
1302,66,511
1303,66,512
1304,67,109
1305,67,110
1306,67,124
1307,67,141
1308,67,213
1309,67,231
1310,67,321
1311,68,123
1312,68,149
1313,7,103
1314,7,112
1315,7,165
1316,7,186
1317,7,217
1318,7,218
1319,7,219
1320,7,226
1321,7,227
1322,7,242
1323,7,297
1324,7,298
1325,7,315
1326,7,317
1327,7,320
1328,7,333
1329,7,368
1330,7,380
1331,7,381
1332,7,382
1333,7,392
1334,7,394
1335,7,398
1336,7,403
1337,7,413
1338,7,437
1339,7,443
1340,7,445
1341,7,456
1342,7,63
1343,7,76
1344,7,8
1345,7,81
1346,7,82
1347,7,9
1348,7,98
1349,72,126
1350,73,136
1351,74,146
1352,74,268
1353,74,269
1354,74,459
1355,74,460
1356,74,461
1357,74,462
1358,74,463
1359,74,464
1360,74,465
1361,76,315
1362,76,380
1363,76,456
1364,77,116
1365,77,119
1366,77,390
1367,77,78
1368,77,79
1369,78,137
1370,78,138
1371,78,79
1372,79,215
1373,79,234
1374,79,261
1375,79,395
1376,79,396
1377,8,103
1378,8,165
1379,8,186
1380,8,226
1381,8,227
1382,8,297
1383,8,298
1384,8,320
1385,8,333
1386,8,403
1387,8,413
1388,8,82
1389,8,9
1390,80,280
1391,80,487
1392,80,93
1393,82,217
1394,82,218
1395,82,219
1396,82,317
1397,82,368
1398,82,394
1399,82,437
1400,83,505
1401,84,144
1402,84,406
1403,84,85
1404,85,147
1405,85,279
1406,86,228
1407,87,88
1408,88,166
1409,88,175
1410,89,115
1411,89,271
1412,89,408
1413,9,103
1414,9,165
1415,9,175
1416,9,186
1417,9,201
1418,9,204
1419,9,220
1420,9,226
1421,9,227
1422,9,259
1423,9,285
1424,9,297
1425,9,298
1426,9,299
1427,9,328
1428,9,338
1429,9,343
1430,9,353
1431,9,366
1432,9,367
1433,9,374
1434,9,375
1435,9,397
1436,9,412
1437,9,420
1438,9,421
1439,9,422
1440,9,441
1441,9,452
1442,9,457
1443,9,469
1444,9,470
1445,9,471
1446,9,478
1447,9,489
1448,9,495
1449,9,496
1450,9,497
1451,9,498
1452,9,499
1453,9,500
1454,9,501
1455,9,522
1456,9,523
1457,9,524
1458,9,525
1459,9,529
1460,9,62
1461,90,249
1462,90,274
1463,90,344
1464,90,91
1465,91,249
1466,91,274
1467,91,344
1468,91,92
1469,93,280
1470,94,472
1471,94,490
1472,94,96
1473,95,175
1474,95,385
1475,95,96
1476,96,139
1477,96,385
1478,96,472
1479,96,490
1480,97,120
1481,97,121
1482,97,266
1483,97,276
1484,97,286
1485,97,287
1486,98,315
1487,98,456
