1,1,10
2,1,11
3,1,12
4,1,13
5,1,14
6,1,15
7,1,16
8,1,17
9,1,2
10,1,3
11,1,4
12,1,5
13,1,6
14,1,7
15,1,8
16,1,9
17,10,11
18,10,12
19,10,13
20,10,14
21,10,15
22,10,16
23,10,17
24,100,101
25,100,102
26,100,103
27,100,104
28,100,105
29,100,106
30,100,107
31,100,108
32,100,109
33,1000,1001
34,1000,1002
35,1001,1002
36,1002,1005
37,1002,1069
38,1002,1070
39,1002,1071
40,1002,1072
41,1002,1073
42,1002,1074
43,1002,1075
44,1003,1004
45,1008,1009
46,1008,1010
47,1009,1010
48,101,102
49,101,103
50,101,104
51,101,105
52,101,106
53,101,107
54,101,108
55,101,109
56,1011,1012
57,1011,1013
58,1012,1013
59,1014,1015
60,1014,1016
61,1014,1017
62,1015,1016
63,1015,1017
64,1016,1017
65,1018,1019
66,1018,1096
67,102,103
68,102,104
69,102,105
70,102,106
71,102,107
72,102,108
73,102,109
74,1020,1021
75,1020,1022
76,1020,1023
77,1020,1024
78,1020,1025
79,1021,1022
80,1021,1023
81,1021,1024
82,1021,1025
83,1022,1023
84,1022,1024
85,1022,1025
86,1023,1024
87,1023,1025
88,1024,1025
89,1026,1027
90,1026,1028
91,1027,1028
92,1028,1043
93,1029,1068
94,103,104
95,103,105
96,103,106
97,103,107
98,103,108
99,103,109
100,1030,1031
101,1030,1032
102,1031,1032
103,1033,1034
104,1033,1035
105,1034,1035
106,1038,1039
107,104,105
108,104,106
109,104,107
110,104,108
111,104,109
112,1040,1164
113,1041,1042
114,1044,1045
115,1044,1046
116,1044,1047
117,1045,1046
118,1045,1047
119,1046,1047
120,1049,1050
121,1049,1051
122,1049,1065
123,1049,1066
124,1049,1067
125,105,106
126,105,107
127,105,108
128,105,109
129,105,160
130,105,377
131,105,394
132,105,605
133,105,606
134,105,607
135,105,608
136,105,609
137,105,610
138,1050,1051
139,1052,1053
140,1052,1054
141,1053,1054
142,1055,1056
143,1057,1058
144,1057,1059
145,1058,1059
146,106,107
147,106,108
148,106,109
149,106,199
150,106,200
151,1060,1061
152,1060,1062
153,1060,1063
154,1060,1064
155,1061,1062
156,1061,1063
157,1061,1064
158,1062,1063
159,1062,1064
160,1063,1064
161,1065,1066
162,1065,1067
163,1066,1067
164,1068,1104
165,1068,1105
166,1068,1106
167,1069,1070
168,1069,1071
169,1069,1072
170,1069,1073
171,1069,1074
172,1069,1075
173,107,108
174,107,109
175,107,144
176,107,157
177,107,158
178,107,159
179,1070,1071
180,1070,1072
181,1070,1073
182,1070,1074
183,1070,1075
184,1071,1072
185,1071,1073
186,1071,1074
187,1071,1075
188,1071,1107
189,1072,1073
190,1072,1074
191,1072,1075
192,1073,1074
193,1073,1075
194,1074,1075
195,1074,1107
196,1076,1077
197,1076,1078
198,1076,1079
199,1077,1078
200,1077,1079
201,1078,1079
202,108,109
203,1080,1081
204,1080,1082
205,1081,1082
206,1083,1084
207,1083,1085
208,1083,1086
209,1084,1085
210,1084,1086
211,1085,1086
212,1087,1088
213,1087,1089
214,1088,1089
215,1091,1092
216,1091,1093
217,1091,1094
218,1091,1095
219,1092,1093
220,1092,1094
221,1092,1095
222,1092,1097
223,1092,1098
224,1092,1099
225,1092,1100
226,1092,1101
227,1093,1094
228,1093,1095
229,1094,1095
230,1097,1098
231,1097,1099
232,1097,1100
233,1097,1101
234,1098,1099
235,1098,1100
236,1098,1101
237,1099,1100
238,1099,1101
239,11,12
240,11,13
241,11,14
242,11,15
243,11,16
244,11,17
245,110,111
246,110,112
247,110,113
248,110,700
249,110,710
250,1100,1101
251,1103,1186
252,1103,1187
253,1103,1188
254,1104,1105
255,1104,1106
256,1105,1106
257,1108,1109
258,1108,1110
259,1108,1111
260,1108,1112
261,1108,1113
262,1109,1110
263,1109,1111
264,1109,1112
265,1109,1113
266,111,1049
267,111,1065
268,111,1066
269,111,1067
270,111,112
271,111,113
272,111,212
273,111,308
274,111,408
275,111,409
276,111,410
277,111,411
278,111,412
279,111,444
280,111,493
281,111,689
282,111,781
283,111,788
284,111,794
285,111,804
286,111,813
287,111,819
288,111,929
289,111,930
290,111,931
291,111,932
292,111,933
293,111,934
294,111,935
295,1110,1111
296,1110,1112
297,1110,1113
298,1111,1112
299,1111,1113
300,1112,1113
301,1114,1115
302,1114,1116
303,1114,1117
304,1114,1118
305,1114,1119
306,1114,1120
307,1114,1121
308,1114,1122
309,1114,1123
310,1114,1124
311,1114,1125
312,1114,1126
313,1114,1127
314,1114,1128
315,1114,1129
316,1114,1130
317,1114,1131
318,1114,1132
319,1114,1133
320,1114,1134
321,1115,1116
322,1115,1117
323,1115,1118
324,1115,1119
325,1115,1120
326,1115,1121
327,1115,1122
328,1115,1123
329,1115,1124
330,1115,1125
331,1115,1126
332,1115,1127
333,1115,1128
334,1115,1129
335,1115,1130
336,1115,1131
337,1115,1132
338,1115,1133
339,1115,1134
340,1116,1117
341,1116,1118
342,1116,1119
343,1116,1120
344,1116,1121
345,1116,1122
346,1116,1123
347,1116,1124
348,1116,1125
349,1116,1126
350,1116,1127
351,1116,1128
352,1116,1129
353,1116,1130
354,1116,1131
355,1116,1132
356,1116,1133
357,1116,1134
358,1117,1118
359,1117,1119
360,1117,1120
361,1117,1121
362,1117,1122
363,1117,1123
364,1117,1124
365,1117,1125
366,1117,1126
367,1117,1127
368,1117,1128
369,1117,1129
370,1117,1130
371,1117,1131
372,1117,1132
373,1117,1133
374,1117,1134
375,1118,1119
376,1118,1120
377,1118,1121
378,1118,1122
379,1118,1123
380,1118,1124
381,1118,1125
382,1118,1126
383,1118,1127
384,1118,1128
385,1118,1129
386,1118,1130
387,1118,1131
388,1118,1132
389,1118,1133
390,1118,1134
391,1119,1120
392,1119,1121
393,1119,1122
394,1119,1123
395,1119,1124
396,1119,1125
397,1119,1126
398,1119,1127
399,1119,1128
400,1119,1129
401,1119,1130
402,1119,1131
403,1119,1132
404,1119,1133
405,1119,1134
406,112,113
407,1120,1121
408,1120,1122
409,1120,1123
410,1120,1124
411,1120,1125
412,1120,1126
413,1120,1127
414,1120,1128
415,1120,1129
416,1120,1130
417,1120,1131
418,1120,1132
419,1120,1133
420,1120,1134
421,1121,1122
422,1121,1123
423,1121,1124
424,1121,1125
425,1121,1126
426,1121,1127
427,1121,1128
428,1121,1129
429,1121,1130
430,1121,1131
431,1121,1132
432,1121,1133
433,1121,1134
434,1122,1123
435,1122,1124
436,1122,1125
437,1122,1126
438,1122,1127
439,1122,1128
440,1122,1129
441,1122,1130
442,1122,1131
443,1122,1132
444,1122,1133
445,1122,1134
446,1123,1124
447,1123,1125
448,1123,1126
449,1123,1127
450,1123,1128
451,1123,1129
452,1123,1130
453,1123,1131
454,1123,1132
455,1123,1133
456,1123,1134
457,1124,1125
458,1124,1126
459,1124,1127
460,1124,1128
461,1124,1129
462,1124,1130
463,1124,1131
464,1124,1132
465,1124,1133
466,1124,1134
467,1125,1126
468,1125,1127
469,1125,1128
470,1125,1129
471,1125,1130
472,1125,1131
473,1125,1132
474,1125,1133
475,1125,1134
476,1126,1127
477,1126,1128
478,1126,1129
479,1126,1130
480,1126,1131
481,1126,1132
482,1126,1133
483,1126,1134
484,1127,1128
485,1127,1129
486,1127,1130
487,1127,1131
488,1127,1132
489,1127,1133
490,1127,1134
491,1128,1129
492,1128,1130
493,1128,1131
494,1128,1132
495,1128,1133
496,1128,1134
497,1129,1130
498,1129,1131
499,1129,1132
500,1129,1133
501,1129,1134
502,1130,1131
503,1130,1132
504,1130,1133
505,1130,1134
506,1131,1132
507,1131,1133
508,1131,1134
509,1132,1133
510,1132,1134
511,1133,1134
512,1135,1136
513,1135,1137
514,1135,1138
515,1136,1137
516,1136,1138
517,1137,1138
518,1139,1140
519,1139,1141
520,1139,1142
521,1139,1143
522,114,115
523,114,116
524,114,117
525,114,156
526,114,194
527,114,195
528,114,196
529,114,197
530,114,198
531,114,288
532,114,895
533,1140,1141
534,1140,1142
535,1140,1143
536,1141,1142
537,1141,1143
538,1142,1143
539,1145,1146
540,1147,1148
541,1147,1149
542,1147,1150
543,1148,1149
544,1148,1150
545,1149,1150
546,115,116
547,115,117
548,1151,1152
549,1153,1154
550,1153,1155
551,1154,1155
552,1156,1157
553,1158,1159
554,1158,1160
555,1158,1161
556,1159,1160
557,1159,1161
558,116,117
559,1160,1161
560,1162,1163
561,1165,1166
562,1167,1168
563,1167,1169
564,1167,1175
565,1167,1176
566,1167,1177
567,1167,1178
568,1168,1169
569,1170,1171
570,1172,1173
571,1172,1174
572,1173,1174
573,1175,1176
574,1175,1177
575,1175,1178
576,1176,1177
577,1176,1178
578,1177,1178
579,1179,1180
580,118,119
581,118,120
582,118,121
583,118,457
584,118,971
585,118,972
586,118,973
587,118,974
588,118,975
589,1181,1182
590,1183,1184
591,1183,1185
592,1184,1185
593,1186,1187
594,1186,1188
595,1187,1188
596,119,120
597,119,121
598,119,338
599,12,13
600,12,14
601,12,15
602,12,16
603,12,17
604,120,121
605,122,123
606,124,125
607,124,126
608,124,127
609,124,128
610,124,129
611,124,130
612,124,131
613,124,245
614,124,246
615,124,247
616,124,248
617,124,320
618,124,321
619,124,322
620,124,323
621,124,611
622,124,612
623,124,883
624,124,898
625,124,899
626,124,900
627,124,901
628,124,902
629,125,126
630,125,127
631,125,128
632,125,129
633,125,130
634,125,341
635,125,347
636,126,127
637,126,128
638,126,129
639,126,130
640,126,441
641,126,442
642,126,443
643,126,444
644,126,445
645,126,446
646,126,447
647,127,128
648,127,129
649,127,130
650,127,329
651,127,330
652,127,331
653,127,332
654,128,129
655,128,130
656,129,130
657,129,215
658,129,333
659,129,334
660,129,883
661,129,910
662,129,911
663,129,912
664,129,913
665,129,914
666,13,14
667,13,15
668,13,16
669,13,17
670,131,132
671,131,611
672,131,612
673,133,134
674,135,1076
675,135,1077
676,135,1078
677,135,1079
678,135,136
679,135,137
680,135,138
681,135,143
682,135,202
683,135,252
684,135,272
685,135,946
686,136,137
687,136,138
688,137,1147
689,137,1148
690,137,1149
691,137,1150
692,137,138
693,138,1020
694,138,1021
695,138,1022
696,138,1023
697,138,1024
698,138,1025
699,138,143
700,138,201
701,138,202
702,138,252
703,138,393
704,138,537
705,138,553
706,138,554
707,138,555
708,138,556
709,138,638
710,138,639
711,138,640
712,138,641
713,139,140
714,139,141
715,139,142
716,139,143
717,139,144
718,139,642
719,139,643
720,139,644
721,139,645
722,139,646
723,139,647
724,139,648
725,14,15
726,14,16
727,14,17
728,140,141
729,140,142
730,140,143
731,140,144
732,141,142
733,141,143
734,141,144
735,142,143
736,142,144
737,142,184
738,142,317
739,142,362
740,142,437
741,142,620
742,142,629
743,142,630
744,142,631
745,142,632
746,143,144
747,143,202
748,143,252
749,143,317
750,143,321
751,143,586
752,143,587
753,143,588
754,143,589
755,143,590
756,144,157
757,144,158
758,144,159
759,145,146
760,145,147
761,145,148
762,145,149
763,145,150
764,145,151
765,145,152
766,145,565
767,145,566
768,145,567
769,145,568
770,145,569
771,146,147
772,146,148
773,146,149
774,146,150
775,146,151
776,146,152
777,147,148
778,147,149
779,147,150
780,147,151
781,147,152
782,148,149
783,148,150
784,148,151
785,148,152
786,149,150
787,149,151
788,149,152
789,15,16
790,15,17
791,150,151
792,150,152
793,151,152
794,153,154
795,153,155
796,153,156
797,154,155
798,154,156
799,155,156
800,156,288
801,156,895
802,157,158
803,157,159
804,158,159
805,16,106
806,16,17
807,16,199
808,16,200
809,16,89
810,160,161
811,160,162
812,160,163
813,160,164
814,160,165
815,160,166
816,160,167
817,160,168
818,160,169
819,160,173
820,160,174
821,160,175
822,160,176
823,160,177
824,160,178
825,160,179
826,160,377
827,160,394
828,160,605
829,160,606
830,160,607
831,160,608
832,160,609
833,160,610
834,161,162
835,161,163
836,161,164
837,161,165
838,161,166
839,161,167
840,161,168
841,161,169
842,161,311
843,161,312
844,162,163
845,162,164
846,162,165
847,162,166
848,162,167
849,162,168
850,162,169
851,163,164
852,163,165
853,163,166
854,163,167
855,163,168
856,163,169
857,164,165
858,164,166
859,164,167
860,164,168
861,164,169
862,165,166
863,165,167
864,165,168
865,165,169
866,166,167
867,166,168
868,166,169
869,167,168
870,167,169
871,168,169
872,170,171
873,170,172
874,171,172
875,172,733
876,172,734
877,173,174
878,173,175
879,173,176
880,173,177
881,173,178
882,173,179
883,174,175
884,174,176
885,174,177
886,174,178
887,174,179
888,175,176
889,175,177
890,175,178
891,175,179
892,176,177
893,176,178
894,176,179
895,177,178
896,177,179
897,178,179
898,18,122
899,18,123
900,18,133
901,18,134
902,18,19
903,180,181
904,180,182
905,180,492
906,180,735
907,181,182
908,181,478
909,181,789
910,183,1018
911,183,1019
912,183,1044
913,183,1045
914,183,1046
915,183,1047
916,183,184
917,183,185
918,183,186
919,183,187
920,183,188
921,183,213
922,183,214
923,183,268
924,183,269
925,183,270
926,183,271
927,183,272
928,183,329
929,183,471
930,183,512
931,183,523
932,183,537
933,183,832
934,183,833
935,183,834
936,183,869
937,184,185
938,184,186
939,184,187
940,184,188
941,184,268
942,184,269
943,184,270
944,184,271
945,184,272
946,184,317
947,184,325
948,184,362
949,184,365
950,184,366
951,184,367
952,184,437
953,184,620
954,184,629
955,184,630
956,184,631
957,184,632
958,185,186
959,185,187
960,185,188
961,186,187
962,186,188
963,187,188
964,189,1033
965,189,1034
966,189,1035
967,189,1145
968,189,1146
969,189,190
970,189,191
971,189,192
972,189,193
973,189,509
974,189,510
975,19,466
976,19,864
977,19,865
978,19,866
979,19,867
980,190,1033
981,190,1034
982,190,1035
983,190,1145
984,190,1146
985,190,191
986,190,192
987,190,193
988,190,509
989,190,510
990,191,1033
991,191,1034
992,191,1035
993,191,1145
994,191,1146
995,191,192
996,191,193
997,191,509
998,191,510
999,192,1033
1000,192,1034
1001,192,1035
1002,192,193
1003,192,509
1004,192,510
1005,194,195
1006,194,196
1007,194,197
1008,194,198
1009,195,196
1010,195,197
1011,195,198
1012,196,197
1013,196,198
1014,196,225
1015,196,226
1016,196,538
1017,197,198
1018,199,200
1019,2,10
1020,2,11
1021,2,12
1022,2,13
1023,2,14
1024,2,15
1025,2,16
1026,2,17
1027,2,3
1028,2,4
1029,2,5
1030,2,6
1031,2,7
1032,2,8
1033,2,9
1034,20,1002
1035,20,1005
1036,20,1144
1037,20,21
1038,20,22
1039,20,23
1040,20,24
1041,20,25
1042,20,407
1043,200,883
1044,200,915
1045,200,916
1046,200,917
1047,200,918
1048,201,202
1049,202,252
1050,203,204
1051,203,205
1052,203,206
1053,204,205
1054,204,206
1055,204,943
1056,204,944
1057,204,945
1058,204,946
1059,205,1087
1060,205,1088
1061,205,1089
1062,205,206
1063,205,729
1064,205,794
1065,205,817
1066,207,208
1067,207,209
1068,207,210
1069,207,211
1070,207,212
1071,208,209
1072,208,210
1073,208,211
1074,208,212
1075,209,210
1076,209,211
1077,209,212
1078,21,22
1079,21,23
1080,21,24
1081,21,25
1082,210,211
1083,210,212
1084,210,348
1085,210,666
1086,210,667
1087,210,668
1088,210,669
1089,211,212
1090,212,308
1091,212,408
1092,212,445
1093,212,670
1094,212,671
1095,212,672
1096,212,673
1097,212,829
1098,212,830
1099,213,214
1100,214,334
1101,214,375
1102,214,376
1103,214,377
1104,214,378
1105,214,379
1106,214,380
1107,214,832
1108,214,833
1109,214,834
1110,215,258
1111,215,259
1112,215,260
1113,215,261
1114,216,217
1115,216,218
1116,216,219
1117,216,220
1118,216,221
1119,216,222
1120,216,223
1121,216,224
1122,216,243
1123,216,244
1124,216,298
1125,216,357
1126,216,936
1127,216,990
1128,216,991
1129,216,992
1130,216,993
1131,216,994
1132,217,218
1133,217,219
1134,217,220
1135,217,221
1136,217,222
1137,217,223
1138,217,224
1139,217,243
1140,217,244
1141,218,219
1142,218,220
1143,218,221
1144,218,222
1145,218,223
1146,218,224
1147,218,243
1148,218,244
1149,219,220
1150,219,221
1151,219,222
1152,219,223
1153,219,224
1154,22,23
1155,22,24
1156,22,25
1157,220,221
1158,220,222
1159,220,223
1160,220,224
1161,220,227
1162,220,228
1163,220,229
1164,220,230
1165,220,231
1166,220,232
1167,220,233
1168,220,234
1169,220,235
1170,220,243
1171,220,244
1172,221,222
1173,221,223
1174,221,224
1175,221,243
1176,221,244
1177,222,223
1178,222,224
1179,222,243
1180,222,244
1181,223,224
1182,223,243
1183,223,244
1184,225,226
1185,225,595
1186,225,596
1187,225,597
1188,225,598
1189,225,599
1190,225,600
1191,225,601
1192,225,602
1193,225,603
1194,225,604
1195,227,228
1196,227,229
1197,227,230
1198,227,231
1199,227,232
1200,227,233
1201,227,234
1202,227,235
1203,228,229
1204,228,230
1205,228,231
1206,228,232
1207,228,233
1208,228,234
1209,228,235
1210,228,312
1211,228,511
1212,228,877
1213,228,966
1214,228,967
1215,228,968
1216,228,969
1217,228,970
1218,229,230
1219,229,231
1220,229,232
1221,229,233
1222,229,234
1223,229,235
1224,23,24
1225,23,25
1226,230,231
1227,230,232
1228,230,233
1229,230,234
1230,230,235
1231,231,232
1232,231,233
1233,231,234
1234,231,235
1235,232,233
1236,232,234
1237,232,235
1238,233,234
1239,233,235
1240,234,235
1241,236,237
1242,236,238
1243,236,239
1244,236,240
1245,236,241
1246,236,242
1247,237,238
1248,237,239
1249,237,240
1250,237,241
1251,237,242
1252,238,239
1253,238,240
1254,238,241
1255,238,242
1256,239,240
1257,239,241
1258,239,242
1259,24,25
1260,240,241
1261,240,242
1262,241,242
1263,243,244
1264,245,246
1265,245,247
1266,245,248
1267,246,247
1268,246,248
1269,247,248
1270,247,315
1271,247,316
1272,249,250
1273,249,251
1274,250,251
1275,253,254
1276,253,255
1277,253,256
1278,253,257
1279,253,465
1280,253,557
1281,253,558
1282,253,559
1283,253,560
1284,253,561
1285,253,562
1286,254,255
1287,254,256
1288,254,257
1289,254,613
1290,254,614
1291,254,615
1292,254,616
1293,255,256
1294,255,257
1295,255,515
1296,255,516
1297,255,517
1298,256,257
1299,256,304
1300,256,305
1301,256,515
1302,256,516
1303,256,517
1304,257,883
1305,257,896
1306,257,897
1307,258,259
1308,258,260
1309,258,261
1310,259,260
1311,259,261
1312,26,27
1313,26,28
1314,26,29
1315,26,30
1316,26,31
1317,26,32
1318,26,33
1319,26,497
1320,26,563
1321,26,564
1322,26,750
1323,26,751
1324,26,752
1325,26,753
1326,26,754
1327,26,755
1328,26,92
1329,260,261
1330,261,372
1331,261,373
1332,261,374
1333,262,263
1334,262,264
1335,262,265
1336,262,266
1337,262,267
1338,263,264
1339,263,265
1340,263,266
1341,263,267
1342,263,413
1343,263,414
1344,263,831
1345,264,265
1346,264,266
1347,264,267
1348,264,430
1349,264,580
1350,264,658
1351,264,659
1352,264,660
1353,264,661
1354,264,662
1355,264,663
1356,264,664
1357,264,665
1358,265,266
1359,265,267
1360,266,267
1361,268,269
1362,268,270
1363,268,271
1364,268,272
1365,268,273
1366,268,274
1367,268,275
1368,268,591
1369,268,592
1370,268,593
1371,268,594
1372,269,270
1373,269,271
1374,269,272
1375,27,28
1376,27,29
1377,27,30
1378,27,31
1379,27,32
1380,27,33
1381,270,271
1382,270,272
1383,271,272
1384,272,1076
1385,272,1077
1386,272,1078
1387,272,1079
1388,272,946
1389,273,274
1390,273,275
1391,274,275
1392,276,277
1393,276,278
1394,276,279
1395,276,280
1396,276,281
1397,276,282
1398,277,278
1399,277,279
1400,277,280
1401,277,281
1402,277,282
1403,278,279
1404,278,280
1405,278,281
1406,278,282
1407,279,280
1408,279,281
1409,279,282
1410,28,29
1411,28,30
1412,28,31
1413,28,32
1414,28,33
1415,280,281
1416,280,282
1417,281,282
1418,282,313
1419,282,314
1420,282,340
1421,282,341
1422,282,342
1423,282,343
1424,282,344
1425,282,345
1426,282,346
1427,283,284
1428,283,285
1429,283,286
1430,283,287
1431,283,288
1432,283,289
1433,283,290
1434,283,291
1435,283,292
1436,283,293
1437,283,294
1438,283,295
1439,283,296
1440,283,297
1441,283,298
1442,283,299
1443,283,300
1444,283,301
1445,283,302
1446,283,303
1447,284,285
1448,284,286
1449,284,287
1450,284,288
1451,284,289
1452,284,290
1453,284,291
1454,284,292
1455,284,293
1456,284,294
1457,284,295
1458,284,296
1459,284,297
1460,284,298
1461,284,299
1462,284,300
1463,284,301
1464,284,302
1465,284,303
1466,285,286
1467,285,287
1468,285,288
1469,285,289
1470,285,290
1471,285,291
1472,285,292
1473,285,293
1474,285,294
1475,285,295
1476,285,296
1477,285,297
1478,285,298
1479,285,299
1480,285,300
1481,285,301
1482,285,302
1483,285,303
1484,286,287
1485,286,288
1486,286,289
1487,286,290
1488,286,291
1489,286,292
1490,286,293
1491,286,294
1492,286,295
1493,286,296
1494,286,297
1495,286,298
1496,286,299
1497,286,300
1498,286,301
1499,286,302
1500,286,303
1501,287,288
1502,287,289
1503,287,290
1504,287,291
1505,287,292
1506,287,293
1507,287,294
1508,287,295
1509,287,296
1510,287,297
1511,287,298
1512,287,299
1513,287,300
1514,287,301
1515,287,302
1516,287,303
1517,288,289
1518,288,290
1519,288,291
1520,288,292
1521,288,293
1522,288,294
1523,288,295
1524,288,296
1525,288,297
1526,288,298
1527,288,299
1528,288,300
1529,288,301
1530,288,302
1531,288,303
1532,288,895
1533,289,290
1534,289,291
1535,289,292
1536,289,293
1537,289,294
1538,289,295
1539,289,296
1540,289,297
1541,289,298
1542,289,299
1543,289,300
1544,289,301
1545,289,302
1546,289,303
1547,29,30
1548,29,31
1549,29,32
1550,29,33
1551,290,291
1552,290,292
1553,290,293
1554,290,294
1555,290,295
1556,290,296
1557,290,297
1558,290,298
1559,290,299
1560,290,300
1561,290,301
1562,290,302
1563,290,303
1564,291,292
1565,291,293
1566,291,294
1567,291,295
1568,291,296
1569,291,297
1570,291,298
1571,291,299
1572,291,300
1573,291,301
1574,291,302
1575,291,303
1576,292,293
1577,292,294
1578,292,295
1579,292,296
1580,292,297
1581,292,298
1582,292,299
1583,292,300
1584,292,301
1585,292,302
1586,292,303
1587,293,294
1588,293,295
1589,293,296
1590,293,297
1591,293,298
1592,293,299
1593,293,300
1594,293,301
1595,293,302
1596,293,303
1597,294,295
1598,294,296
1599,294,297
1600,294,298
1601,294,299
1602,294,300
1603,294,301
1604,294,302
1605,294,303
1606,295,296
1607,295,297
1608,295,298
1609,295,299
1610,295,300
1611,295,301
1612,295,302
1613,295,303
1614,296,297
1615,296,298
1616,296,299
1617,296,300
1618,296,301
1619,296,302
1620,296,303
1621,297,298
1622,297,299
1623,297,300
1624,297,301
1625,297,302
1626,297,303
1627,298,299
1628,298,300
1629,298,301
1630,298,302
1631,298,303
1632,298,357
1633,298,883
1634,298,903
1635,298,904
1636,298,905
1637,298,906
1638,298,936
1639,298,990
1640,298,991
1641,298,992
1642,298,993
1643,298,994
1644,299,300
1645,299,301
1646,299,302
1647,299,303
1648,3,10
1649,3,11
1650,3,12
1651,3,13
1652,3,14
1653,3,15
1654,3,16
1655,3,17
1656,3,4
1657,3,5
1658,3,6
1659,3,7
1660,3,8
1661,3,9
1662,30,31
1663,30,32
1664,30,33
1665,300,301
1666,300,302
1667,300,303
1668,301,302
1669,301,303
1670,302,303
1671,304,305
1672,306,307
1673,306,308
1674,306,309
1675,306,310
1676,306,401
1677,306,402
1678,306,403
1679,306,404
1680,306,405
1681,306,563
1682,307,308
1683,307,309
1684,307,310
1685,307,443
1686,307,539
1687,307,540
1688,307,541
1689,308,1181
1690,308,1182
1691,308,309
1692,308,310
1693,308,340
1694,308,365
1695,308,399
1696,308,409
1697,308,410
1698,308,411
1699,308,412
1700,308,513
1701,308,514
1702,308,650
1703,308,829
1704,308,830
1705,308,959
1706,308,960
1707,308,961
1708,308,962
1709,308,963
1710,308,964
1711,309,310
1712,31,32
1713,31,33
1714,311,312
1715,312,1018
1716,312,1096
1717,312,1139
1718,312,1140
1719,312,1141
1720,312,1142
1721,312,1143
1722,312,429
1723,312,511
1724,312,512
1725,312,877
1726,312,966
1727,312,967
1728,312,968
1729,312,969
1730,312,970
1731,313,314
1732,315,316
1733,317,318
1734,317,319
1735,317,321
1736,317,362
1737,317,363
1738,317,364
1739,317,437
1740,317,586
1741,317,587
1742,317,588
1743,317,589
1744,317,590
1745,317,620
1746,317,629
1747,317,630
1748,317,631
1749,317,632
1750,318,319
1751,32,33
1752,320,321
1753,320,322
1754,320,323
1755,321,322
1756,321,323
1757,321,586
1758,321,587
1759,321,588
1760,321,589
1761,321,590
1762,321,883
1763,321,889
1764,321,890
1765,321,891
1766,321,892
1767,322,323
1768,324,325
1769,325,365
1770,325,366
1771,325,367
1772,326,327
1773,326,328
1774,327,328
1775,327,756
1776,327,828
1777,327,976
1778,327,977
1779,329,1044
1780,329,1045
1781,329,1046
1782,329,1047
1783,329,330
1784,329,331
1785,329,332
1786,329,465
1787,329,471
1788,329,512
1789,329,523
1790,329,868
1791,329,869
1792,329,870
1793,329,871
1794,329,872
1795,329,873
1796,330,331
1797,330,332
1798,331,332
1799,333,334
1800,334,375
1801,334,376
1802,334,377
1803,334,378
1804,334,379
1805,334,380
1806,334,453
1807,334,454
1808,334,455
1809,334,591
1810,334,947
1811,334,948
1812,335,336
1813,335,337
1814,335,338
1815,335,339
1816,336,337
1817,336,338
1818,336,339
1819,337,338
1820,337,339
1821,338,339
1822,339,883
1823,339,905
1824,339,919
1825,339,920
1826,339,921
1827,339,922
1828,339,923
1829,339,924
1830,339,925
1831,339,926
1832,339,927
1833,34,35
1834,34,36
1835,34,37
1836,34,38
1837,34,39
1838,34,40
1839,340,1181
1840,340,1182
1841,340,341
1842,340,342
1843,340,343
1844,340,344
1845,340,345
1846,340,346
1847,340,399
1848,340,514
1849,340,650
1850,341,342
1851,341,343
1852,341,344
1853,341,345
1854,341,346
1855,341,347
1856,342,343
1857,342,344
1858,342,345
1859,342,346
1860,343,344
1861,343,345
1862,343,346
1863,344,345
1864,344,346
1865,345,346
1866,347,1151
1867,347,1152
1868,348,349
1869,348,350
1870,348,351
1871,348,352
1872,348,353
1873,348,666
1874,348,667
1875,348,668
1876,348,669
1877,349,350
1878,349,351
1879,349,352
1880,349,353
1881,35,1162
1882,35,1163
1883,35,36
1884,35,37
1885,35,38
1886,35,39
1887,35,40
1888,35,836
1889,35,837
1890,35,838
1891,35,839
1892,35,840
1893,35,841
1894,35,842
1895,35,843
1896,35,844
1897,35,845
1898,35,846
1899,35,847
1900,35,848
1901,35,849
1902,35,850
1903,35,851
1904,35,852
1905,35,853
1906,35,854
1907,35,855
1908,35,856
1909,35,857
1910,35,858
1911,350,351
1912,350,352
1913,350,353
1914,351,352
1915,351,353
1916,352,353
1917,354,355
1918,354,356
1919,354,357
1920,354,358
1921,354,359
1922,354,360
1923,354,361
1924,354,368
1925,354,369
1926,354,370
1927,354,371
1928,355,356
1929,355,357
1930,355,358
1931,355,359
1932,355,360
1933,355,361
1934,356,357
1935,356,358
1936,356,359
1937,356,360
1938,356,361
1939,357,358
1940,357,359
1941,357,360
1942,357,361
1943,357,936
1944,357,990
1945,357,991
1946,357,992
1947,357,993
1948,357,994
1949,358,359
1950,358,360
1951,358,361
1952,359,360
1953,359,361
1954,36,37
1955,36,38
1956,36,39
1957,36,40
1958,360,361
1959,362,363
1960,362,364
1961,362,382
1962,362,392
1963,362,437
1964,362,452
1965,362,544
1966,362,546
1967,362,547
1968,362,549
1969,362,620
1970,362,629
1971,362,630
1972,362,631
1973,362,632
1974,362,637
1975,363,364
1976,363,394
1977,363,395
1978,363,396
1979,363,397
1980,365,366
1981,365,367
1982,365,959
1983,365,960
1984,365,961
1985,365,962
1986,365,963
1987,365,964
1988,366,367
1989,368,369
1990,368,370
1991,368,371
1992,369,370
1993,369,371
1994,37,118
1995,37,119
1996,37,120
1997,37,121
1998,37,38
1999,37,39
2000,37,40
2001,370,371
2002,372,373
2003,372,374
2004,373,374
2005,375,376
2006,375,377
2007,375,378
2008,375,379
2009,375,380
2010,376,377
2011,376,378
2012,376,379
2013,376,380
2014,377,378
2015,377,379
2016,377,380
2017,377,394
2018,377,605
2019,377,606
2020,377,607
2021,377,608
2022,377,609
2023,377,610
2024,378,379
2025,378,380
2026,378,391
2027,378,392
2028,378,393
2029,379,380
2030,38,39
2031,38,40
2032,38,462
2033,38,602
2034,38,879
2035,38,880
2036,38,881
2037,38,882
2038,381,382
2039,381,383
2040,381,384
2041,381,385
2042,381,386
2043,381,387
2044,381,388
2045,381,389
2046,381,390
2047,382,383
2048,382,384
2049,382,385
2050,382,386
2051,382,387
2052,382,388
2053,382,389
2054,382,390
2055,382,392
2056,382,452
2057,382,465
2058,382,466
2059,382,542
2060,382,543
2061,382,544
2062,382,545
2063,382,546
2064,382,547
2065,382,548
2066,382,549
2067,382,550
2068,382,551
2069,382,552
2070,382,637
2071,383,384
2072,383,385
2073,383,386
2074,383,387
2075,383,388
2076,383,389
2077,383,390
2078,384,385
2079,384,386
2080,384,387
2081,384,388
2082,384,389
2083,384,390
2084,385,386
2085,385,387
2086,385,388
2087,385,389
2088,385,390
2089,386,387
2090,386,388
2091,386,389
2092,386,390
2093,387,388
2094,387,389
2095,387,390
2096,388,389
2097,388,390
2098,389,390
2099,39,1135
2100,39,1136
2101,39,1137
2102,39,1138
2103,39,40
2104,39,577
2105,39,836
2106,39,837
2107,39,838
2108,39,839
2109,39,840
2110,39,841
2111,39,842
2112,39,843
2113,39,844
2114,39,845
2115,39,846
2116,39,847
2117,39,848
2118,39,849
2119,39,850
2120,39,851
2121,39,852
2122,39,853
2123,39,854
2124,39,855
2125,39,856
2126,39,857
2127,39,858
2128,391,392
2129,391,393
2130,391,632
2131,391,835
2132,392,393
2133,392,421
2134,392,422
2135,392,423
2136,392,424
2137,392,425
2138,392,426
2139,392,427
2140,392,428
2141,392,429
2142,392,430
2143,392,431
2144,392,432
2145,392,433
2146,392,434
2147,392,435
2148,392,436
2149,392,437
2150,392,438
2151,392,439
2152,392,440
2153,392,452
2154,392,466
2155,392,482
2156,392,483
2157,392,484
2158,392,544
2159,392,546
2160,392,547
2161,392,549
2162,392,550
2163,392,551
2164,392,552
2165,392,637
2166,393,1020
2167,393,1021
2168,393,1022
2169,393,1023
2170,393,1024
2171,393,1025
2172,393,537
2173,394,395
2174,394,396
2175,394,397
2176,394,487
2177,394,605
2178,394,606
2179,394,607
2180,394,608
2181,394,609
2182,394,610
2183,395,396
2184,395,397
2185,396,397
2186,398,399
2187,398,400
2188,398,401
2189,398,655
2190,398,809
2191,398,810
2192,398,811
2193,398,812
2194,398,823
2195,399,1181
2196,399,1182
2197,399,400
2198,399,401
2199,399,514
2200,399,650
2201,4,10
2202,4,11
2203,4,12
2204,4,13
2205,4,14
2206,4,15
2207,4,16
2208,4,17
2209,4,5
2210,4,6
2211,4,7
2212,4,8
2213,4,9
2214,400,401
2215,400,790
2216,400,824
2217,400,825
2218,400,826
2219,400,827
2220,401,402
2221,401,403
2222,401,404
2223,401,405
2224,402,403
2225,402,404
2226,402,405
2227,403,1038
2228,403,1039
2229,403,404
2230,403,405
2231,403,802
2232,403,803
2233,403,804
2234,404,405
2235,406,407
2236,406,408
2237,406,409
2238,407,1144
2239,407,408
2240,407,409
2241,408,409
2242,409,410
2243,409,411
2244,409,412
2245,41,216
2246,41,283
2247,41,284
2248,41,285
2249,41,286
2250,41,287
2251,41,288
2252,41,289
2253,41,290
2254,41,291
2255,41,292
2256,41,293
2257,41,294
2258,41,295
2259,41,296
2260,41,297
2261,41,298
2262,41,299
2263,41,300
2264,41,301
2265,41,302
2266,41,303
2267,41,357
2268,41,42
2269,41,43
2270,41,44
2271,41,45
2272,41,46
2273,41,47
2274,41,936
2275,41,990
2276,41,991
2277,41,992
2278,41,993
2279,41,994
2280,410,1102
2281,410,411
2282,410,412
2283,411,412
2284,412,1165
2285,412,1166
2286,413,414
2287,415,416
2288,415,417
2289,415,418
2290,415,419
2291,415,420
2292,415,718
2293,415,722
2294,415,765
2295,415,766
2296,416,1090
2297,416,417
2298,416,418
2299,416,419
2300,416,420
2301,416,476
2302,416,477
2303,416,478
2304,416,485
2305,416,486
2306,416,686
2307,416,708
2308,416,770
2309,416,780
2310,417,1068
2311,417,1083
2312,417,1084
2313,417,1085
2314,417,1086
2315,417,418
2316,417,419
2317,417,420
2318,418,1170
2319,418,1171
2320,418,419
2321,418,420
2322,418,666
2323,418,689
2324,419,420
2325,42,135
2326,42,136
2327,42,137
2328,42,138
2329,42,43
2330,42,44
2331,42,45
2332,42,46
2333,42,47
2334,421,422
2335,421,423
2336,421,424
2337,421,425
2338,421,426
2339,421,427
2340,422,423
2341,422,424
2342,422,425
2343,422,426
2344,422,427
2345,423,424
2346,423,425
2347,423,426
2348,423,427
2349,424,425
2350,424,426
2351,424,427
2352,425,426
2353,425,427
2354,426,427
2355,428,429
2356,428,430
2357,428,431
2358,428,432
2359,428,433
2360,428,434
2361,428,435
2362,428,436
2363,428,437
2364,428,438
2365,428,483
2366,428,591
2367,428,674
2368,428,675
2369,428,676
2370,428,677
2371,428,678
2372,428,679
2373,428,680
2374,428,681
2375,428,682
2376,428,683
2377,428,684
2378,428,685
2379,429,1018
2380,429,1096
2381,429,430
2382,429,431
2383,429,432
2384,429,433
2385,429,434
2386,429,435
2387,429,436
2388,429,437
2389,429,438
2390,429,512
2391,429,874
2392,429,875
2393,429,876
2394,429,877
2395,429,878
2396,43,1036
2397,43,1060
2398,43,1061
2399,43,1062
2400,43,1063
2401,43,1064
2402,43,200
2403,43,44
2404,43,45
2405,43,46
2406,43,47
2407,43,72
2408,43,868
2409,43,883
2410,43,915
2411,43,916
2412,43,917
2413,43,918
2414,430,1030
2415,430,1031
2416,430,1032
2417,430,431
2418,430,432
2419,430,433
2420,430,434
2421,430,435
2422,430,436
2423,430,437
2424,430,438
2425,430,580
2426,430,658
2427,430,659
2428,430,660
2429,430,661
2430,430,662
2431,430,663
2432,430,664
2433,430,665
2434,431,432
2435,431,433
2436,431,434
2437,431,435
2438,431,436
2439,431,437
2440,431,438
2441,432,433
2442,432,434
2443,432,435
2444,432,436
2445,432,437
2446,432,438
2447,433,434
2448,433,435
2449,433,436
2450,433,437
2451,433,438
2452,434,435
2453,434,436
2454,434,437
2455,434,438
2456,435,436
2457,435,437
2458,435,438
2459,436,1057
2460,436,1058
2461,436,1059
2462,436,437
2463,436,438
2464,437,438
2465,437,620
2466,437,629
2467,437,630
2468,437,631
2469,437,632
2470,439,440
2471,44,45
2472,44,46
2473,44,47
2474,441,1176
2475,441,442
2476,441,443
2477,441,444
2478,441,445
2479,441,446
2480,441,447
2481,442,443
2482,442,444
2483,442,445
2484,442,446
2485,442,447
2486,443,444
2487,443,445
2488,443,446
2489,443,447
2490,443,539
2491,443,540
2492,443,541
2493,444,445
2494,444,446
2495,444,447
2496,444,493
2497,444,689
2498,445,446
2499,445,447
2500,445,670
2501,445,671
2502,445,672
2503,445,673
2504,446,447
2505,448,449
2506,448,450
2507,448,451
2508,448,452
2509,449,450
2510,449,451
2511,449,452
2512,45,46
2513,45,47
2514,450,451
2515,450,452
2516,451,452
2517,452,544
2518,452,546
2519,452,547
2520,452,549
2521,452,637
2522,453,454
2523,453,455
2524,453,742
2525,453,743
2526,453,744
2527,453,745
2528,454,455
2529,456,1179
2530,456,1180
2531,456,457
2532,456,458
2533,456,459
2534,456,808
2535,457,458
2536,457,459
2537,457,468
2538,457,469
2539,457,470
2540,457,971
2541,457,972
2542,457,973
2543,457,974
2544,457,975
2545,458,459
2546,458,468
2547,458,469
2548,458,470
2549,459,1006
2550,46,47
2551,461,462
2552,461,463
2553,461,464
2554,462,1158
2555,462,1159
2556,462,1160
2557,462,1161
2558,462,463
2559,462,464
2560,462,602
2561,462,879
2562,462,880
2563,462,881
2564,462,882
2565,463,464
2566,465,466
2567,465,467
2568,465,542
2569,465,543
2570,465,544
2571,465,545
2572,465,546
2573,465,547
2574,465,548
2575,465,557
2576,465,558
2577,465,559
2578,465,560
2579,465,561
2580,465,562
2581,465,617
2582,465,618
2583,465,619
2584,465,868
2585,465,869
2586,465,870
2587,465,871
2588,465,872
2589,465,873
2590,466,467
2591,466,544
2592,466,546
2593,466,547
2594,466,549
2595,466,550
2596,466,551
2597,466,552
2598,466,864
2599,466,865
2600,466,866
2601,466,867
2602,468,469
2603,468,470
2604,469,470
2605,469,508
2606,469,518
2607,469,519
2608,469,520
2609,469,521
2610,47,236
2611,471,1044
2612,471,1045
2613,471,1046
2614,471,1047
2615,471,512
2616,471,523
2617,471,869
2618,472,1167
2619,472,1168
2620,472,1169
2621,472,473
2622,472,474
2623,472,475
2624,472,486
2625,472,686
2626,472,687
2627,472,688
2628,472,712
2629,472,713
2630,472,714
2631,472,732
2632,472,782
2633,472,783
2634,472,784
2635,473,474
2636,473,475
2637,474,475
2638,476,477
2639,476,478
2640,476,479
2641,476,480
2642,476,481
2643,476,488
2644,477,1090
2645,477,478
2646,477,479
2647,477,480
2648,477,481
2649,477,509
2650,477,708
2651,477,709
2652,477,721
2653,477,767
2654,477,768
2655,477,770
2656,478,479
2657,478,480
2658,478,481
2659,478,485
2660,478,686
2661,478,780
2662,478,789
2663,478,794
2664,478,985
2665,478,986
2666,478,987
2667,478,988
2668,478,989
2669,479,480
2670,479,481
2671,48,49
2672,48,50
2673,48,51
2674,48,52
2675,48,53
2676,480,481
2677,482,483
2678,482,484
2679,483,484
2680,483,591
2681,483,674
2682,483,675
2683,483,676
2684,483,677
2685,483,678
2686,483,679
2687,483,680
2688,483,681
2689,483,682
2690,483,683
2691,483,684
2692,483,685
2693,485,1103
2694,485,486
2695,485,686
2696,485,780
2697,486,686
2698,486,687
2699,486,688
2700,488,708
2701,488,711
2702,489,490
2703,489,491
2704,489,492
2705,489,493
2706,489,494
2707,489,495
2708,489,814
2709,49,1147
2710,49,1148
2711,49,1149
2712,49,1150
2713,49,137
2714,49,139
2715,49,140
2716,49,141
2717,49,142
2718,49,143
2719,49,144
2720,49,50
2721,49,51
2722,49,52
2723,49,53
2724,490,491
2725,490,492
2726,490,493
2727,490,494
2728,490,495
2729,491,492
2730,491,493
2731,491,494
2732,491,495
2733,491,496
2734,491,497
2735,491,498
2736,491,499
2737,491,500
2738,491,501
2739,491,502
2740,491,503
2741,492,1080
2742,492,1081
2743,492,1082
2744,492,493
2745,492,494
2746,492,495
2747,492,702
2748,492,706
2749,492,707
2750,492,735
2751,492,737
2752,492,746
2753,493,494
2754,493,495
2755,493,689
2756,493,772
2757,493,773
2758,493,774
2759,493,775
2760,494,1091
2761,494,1092
2762,494,1093
2763,494,1094
2764,494,1095
2765,494,495
2766,494,737
2767,494,746
2768,495,1048
2769,495,771
2770,496,497
2771,496,498
2772,496,499
2773,496,500
2774,496,501
2775,496,502
2776,496,503
2777,496,699
2778,496,700
2779,496,701
2780,497,1103
2781,497,1186
2782,497,1187
2783,497,1188
2784,497,498
2785,497,499
2786,497,500
2787,497,501
2788,497,502
2789,497,503
2790,497,750
2791,497,751
2792,497,752
2793,497,753
2794,497,754
2795,497,755
2796,498,499
2797,498,500
2798,498,501
2799,498,502
2800,498,503
2801,499,500
2802,499,501
2803,499,502
2804,499,503
2805,499,739
2806,499,740
2807,499,741
2808,5,10
2809,5,11
2810,5,12
2811,5,13
2812,5,14
2813,5,15
2814,5,16
2815,5,17
2816,5,6
2817,5,7
2818,5,8
2819,5,9
2820,50,51
2821,50,52
2822,50,53
2823,500,501
2824,500,502
2825,500,503
2826,501,502
2827,501,503
2828,502,1008
2829,502,1009
2830,502,1010
2831,502,503
2832,502,965
2833,504,505
2834,504,506
2835,504,507
2836,504,508
2837,505,506
2838,505,507
2839,505,508
2840,506,507
2841,506,508
2842,507,508
2843,508,1153
2844,508,1154
2845,508,1155
2846,508,518
2847,508,519
2848,508,520
2849,508,521
2850,509,510
2851,509,708
2852,51,52
2853,51,53
2854,510,1033
2855,510,1034
2856,510,1035
2857,510,1145
2858,510,1146
2859,511,512
2860,511,868
2861,511,877
2862,511,956
2863,511,957
2864,511,958
2865,511,966
2866,511,967
2867,511,968
2868,511,969
2869,511,970
2870,512,1018
2871,512,1044
2872,512,1045
2873,512,1046
2874,512,1047
2875,512,1096
2876,512,523
2877,512,869
2878,512,874
2879,512,875
2880,512,876
2881,512,877
2882,512,878
2883,513,514
2884,514,1029
2885,514,1181
2886,514,1182
2887,514,650
2888,514,938
2889,515,516
2890,515,517
2891,516,517
2892,518,519
2893,518,520
2894,518,521
2895,519,520
2896,519,521
2897,52,1108
2898,52,1109
2899,52,1110
2900,52,1111
2901,52,1112
2902,52,1113
2903,52,53
2904,520,521
2905,522,523
2906,522,524
2907,522,525
2908,523,1044
2909,523,1045
2910,523,1046
2911,523,1047
2912,523,524
2913,523,525
2914,523,869
2915,524,525
2916,526,527
2917,526,528
2918,526,529
2919,526,530
2920,526,531
2921,526,532
2922,526,533
2923,526,534
2924,526,535
2925,526,536
2926,526,537
2927,527,528
2928,527,529
2929,527,530
2930,527,531
2931,527,532
2932,527,533
2933,527,534
2934,527,535
2935,527,536
2936,527,537
2937,528,529
2938,528,530
2939,528,531
2940,528,532
2941,528,533
2942,528,534
2943,528,535
2944,528,536
2945,528,537
2946,529,530
2947,529,531
2948,529,532
2949,529,533
2950,529,534
2951,529,535
2952,529,536
2953,529,537
2954,530,531
2955,530,532
2956,530,533
2957,530,534
2958,530,535
2959,530,536
2960,530,537
2961,531,532
2962,531,533
2963,531,534
2964,531,535
2965,531,536
2966,531,537
2967,532,533
2968,532,534
2969,532,535
2970,532,536
2971,532,537
2972,533,534
2973,533,535
2974,533,536
2975,533,537
2976,534,535
2977,534,536
2978,534,537
2979,535,536
2980,535,537
2981,536,537
2982,537,1018
2983,537,1019
2984,537,1020
2985,537,1021
2986,537,1022
2987,537,1023
2988,537,1024
2989,537,1025
2990,537,869
2991,539,540
2992,539,541
2993,54,55
2994,54,56
2995,54,57
2996,54,58
2997,54,59
2998,540,541
2999,542,543
3000,542,544
3001,542,545
3002,542,546
3003,542,547
3004,542,548
3005,543,544
3006,543,545
3007,543,546
3008,543,547
3009,543,548
3010,544,545
3011,544,546
3012,544,547
3013,544,548
3014,544,549
3015,544,550
3016,544,551
3017,544,552
3018,544,637
3019,545,546
3020,545,547
3021,545,548
3022,546,547
3023,546,548
3024,546,549
3025,546,550
3026,546,551
3027,546,552
3028,546,637
3029,547,548
3030,547,549
3031,547,550
3032,547,551
3033,547,552
3034,547,637
3035,549,550
3036,549,551
3037,549,552
3038,549,637
3039,55,56
3040,55,57
3041,55,58
3042,55,59
3043,550,551
3044,550,552
3045,551,552
3046,553,554
3047,553,555
3048,553,556
3049,554,555
3050,554,556
3051,555,556
3052,557,558
3053,557,559
3054,557,560
3055,557,561
3056,557,562
3057,557,617
3058,557,618
3059,557,619
3060,558,559
3061,558,560
3062,558,561
3063,558,562
3064,559,560
3065,559,561
3066,559,562
3067,56,57
3068,56,58
3069,56,59
3070,560,561
3071,560,562
3072,560,617
3073,560,618
3074,560,619
3075,561,562
3076,563,564
3077,564,1014
3078,564,1015
3079,564,1016
3080,564,1017
3081,564,796
3082,565,566
3083,565,567
3084,565,568
3085,565,569
3086,565,570
3087,565,571
3088,565,572
3089,565,573
3090,565,574
3091,566,1114
3092,566,1115
3093,566,1116
3094,566,1117
3095,566,1118
3096,566,1119
3097,566,1120
3098,566,1121
3099,566,1122
3100,566,1123
3101,566,1124
3102,566,1125
3103,566,1126
3104,566,1127
3105,566,1128
3106,566,1129
3107,566,1130
3108,566,1131
3109,566,1132
3110,566,1133
3111,566,1134
3112,566,567
3113,566,568
3114,566,569
3115,566,570
3116,566,571
3117,566,572
3118,566,573
3119,566,574
3120,567,568
3121,567,569
3122,568,569
3123,57,247
3124,57,315
3125,57,316
3126,57,58
3127,57,59
3128,570,571
3129,570,572
3130,570,573
3131,570,574
3132,571,572
3133,571,573
3134,571,574
3135,572,573
3136,572,574
3137,573,574
3138,575,576
3139,575,577
3140,575,578
3141,575,579
3142,575,580
3143,575,581
3144,575,582
3145,575,583
3146,575,584
3147,575,585
3148,576,577
3149,576,578
3150,576,579
3151,576,580
3152,576,581
3153,576,582
3154,576,583
3155,576,584
3156,576,585
3157,577,1135
3158,577,1136
3159,577,1137
3160,577,1138
3161,577,578
3162,577,579
3163,577,580
3164,577,581
3165,577,582
3166,577,583
3167,577,584
3168,577,585
3169,577,857
3170,578,579
3171,578,580
3172,578,581
3173,578,582
3174,578,583
3175,578,584
3176,578,585
3177,579,580
3178,579,581
3179,579,582
3180,579,583
3181,579,584
3182,579,585
3183,58,1114
3184,58,1115
3185,58,1116
3186,58,1117
3187,58,1118
3188,58,1119
3189,58,1120
3190,58,1121
3191,58,1122
3192,58,1123
3193,58,1124
3194,58,1125
3195,58,1126
3196,58,1127
3197,58,1128
3198,58,1129
3199,58,1130
3200,58,1131
3201,58,1132
3202,58,1133
3203,58,1134
3204,58,566
3205,58,59
3206,580,581
3207,580,582
3208,580,583
3209,580,584
3210,580,585
3211,580,658
3212,580,659
3213,580,660
3214,580,661
3215,580,662
3216,580,663
3217,580,664
3218,580,665
3219,581,582
3220,581,583
3221,581,584
3222,581,585
3223,582,583
3224,582,584
3225,582,585
3226,583,584
3227,583,585
3228,584,585
3229,586,587
3230,586,588
3231,586,589
3232,586,590
3233,587,588
3234,587,589
3235,587,590
3236,588,589
3237,588,590
3238,588,690
3239,588,691
3240,588,692
3241,588,693
3242,588,694
3243,589,590
3244,591,592
3245,591,593
3246,591,594
3247,591,674
3248,591,675
3249,591,676
3250,591,677
3251,591,678
3252,591,679
3253,591,680
3254,591,681
3255,591,682
3256,591,683
3257,591,684
3258,591,685
3259,591,947
3260,591,948
3261,592,593
3262,592,594
3263,593,594
3264,595,596
3265,595,597
3266,595,598
3267,595,599
3268,595,600
3269,595,601
3270,595,602
3271,595,603
3272,595,604
3273,596,597
3274,596,598
3275,596,599
3276,596,600
3277,596,601
3278,596,602
3279,596,603
3280,596,604
3281,597,598
3282,597,599
3283,597,600
3284,597,601
3285,597,602
3286,597,603
3287,597,604
3288,598,599
3289,598,600
3290,598,601
3291,598,602
3292,598,603
3293,598,604
3294,599,600
3295,599,601
3296,599,602
3297,599,603
3298,599,604
3299,6,10
3300,6,11
3301,6,12
3302,6,13
3303,6,14
3304,6,15
3305,6,16
3306,6,17
3307,6,7
3308,6,8
3309,6,9
3310,60,161
3311,60,311
3312,60,312
3313,60,453
3314,60,61
3315,60,62
3316,60,63
3317,60,64
3318,60,65
3319,60,742
3320,60,743
3321,60,744
3322,60,745
3323,60,996
3324,60,997
3325,60,998
3326,600,601
3327,600,602
3328,600,603
3329,600,604
3330,601,602
3331,601,603
3332,601,604
3333,602,603
3334,602,604
3335,602,879
3336,602,880
3337,602,881
3338,602,882
3339,603,604
3340,605,606
3341,605,607
3342,605,608
3343,605,609
3344,605,610
3345,606,607
3346,606,608
3347,606,609
3348,606,610
3349,607,608
3350,607,609
3351,607,610
3352,608,609
3353,608,610
3354,609,610
3355,61,62
3356,61,63
3357,61,64
3358,61,65
3359,611,612
3360,611,798
3361,611,799
3362,611,800
3363,611,801
3364,613,614
3365,613,615
3366,613,616
3367,614,615
3368,614,616
3369,615,616
3370,617,618
3371,617,619
3372,618,619
3373,62,63
3374,62,64
3375,62,65
3376,620,621
3377,620,622
3378,620,623
3379,620,624
3380,620,625
3381,620,626
3382,620,627
3383,620,628
3384,620,629
3385,620,630
3386,620,631
3387,620,632
3388,621,622
3389,621,623
3390,621,624
3391,621,625
3392,621,626
3393,621,627
3394,621,628
3395,622,623
3396,622,624
3397,622,625
3398,622,626
3399,622,627
3400,622,628
3401,623,624
3402,623,625
3403,623,626
3404,623,627
3405,623,628
3406,624,625
3407,624,626
3408,624,627
3409,624,628
3410,625,626
3411,625,627
3412,625,628
3413,626,627
3414,626,628
3415,627,628
3416,629,630
3417,629,631
3418,629,632
3419,63,64
3420,63,65
3421,630,631
3422,630,632
3423,631,632
3424,632,835
3425,633,634
3426,633,635
3427,633,636
3428,634,635
3429,634,636
3430,634,672
3431,634,883
3432,634,884
3433,634,885
3434,635,636
3435,638,639
3436,638,640
3437,638,641
3438,639,640
3439,639,641
3440,64,65
3441,640,641
3442,642,643
3443,642,644
3444,642,645
3445,642,646
3446,642,647
3447,642,648
3448,643,644
3449,643,645
3450,643,646
3451,643,647
3452,643,648
3453,644,645
3454,644,646
3455,644,647
3456,644,648
3457,645,646
3458,645,647
3459,645,648
3460,646,647
3461,646,648
3462,647,648
3463,649,650
3464,649,651
3465,649,652
3466,649,653
3467,649,654
3468,650,1181
3469,650,1182
3470,650,651
3471,650,652
3472,650,653
3473,650,654
3474,651,652
3475,651,653
3476,651,654
3477,652,653
3478,652,654
3479,653,654
3480,655,656
3481,655,657
3482,655,789
3483,655,790
3484,655,791
3485,655,792
3486,655,793
3487,655,794
3488,655,809
3489,655,810
3490,655,811
3491,655,936
3492,655,937
3493,655,938
3494,655,939
3495,656,657
3496,658,659
3497,658,660
3498,658,661
3499,658,662
3500,658,663
3501,658,664
3502,658,665
3503,659,660
3504,659,661
3505,659,662
3506,659,663
3507,659,664
3508,659,665
3509,66,67
3510,66,68
3511,66,69
3512,66,70
3513,66,71
3514,660,661
3515,660,662
3516,660,663
3517,660,664
3518,660,665
3519,661,662
3520,661,663
3521,661,664
3522,661,665
3523,662,663
3524,662,664
3525,662,665
3526,663,664
3527,663,665
3528,664,665
3529,666,1170
3530,666,1171
3531,666,667
3532,666,668
3533,666,669
3534,666,689
3535,666,829
3536,666,979
3537,666,995
3538,667,668
3539,667,669
3540,668,669
3541,67,68
3542,67,69
3543,67,70
3544,67,71
3545,670,671
3546,670,672
3547,670,673
3548,671,672
3549,671,673
3550,672,673
3551,672,883
3552,672,884
3553,672,885
3554,674,675
3555,674,676
3556,674,677
3557,674,678
3558,674,679
3559,674,680
3560,674,681
3561,674,682
3562,674,683
3563,674,684
3564,674,685
3565,675,676
3566,675,677
3567,675,678
3568,675,679
3569,675,680
3570,675,681
3571,675,682
3572,675,683
3573,675,684
3574,675,685
3575,676,677
3576,676,678
3577,676,679
3578,676,680
3579,676,681
3580,676,682
3581,676,683
3582,676,684
3583,676,685
3584,677,678
3585,677,679
3586,677,680
3587,677,681
3588,677,682
3589,677,683
3590,677,684
3591,677,685
3592,678,679
3593,678,680
3594,678,681
3595,678,682
3596,678,683
3597,678,684
3598,678,685
3599,679,680
3600,679,681
3601,679,682
3602,679,683
3603,679,684
3604,679,685
3605,68,69
3606,68,70
3607,68,71
3608,680,681
3609,680,682
3610,680,683
3611,680,684
3612,680,685
3613,681,682
3614,681,683
3615,681,684
3616,681,685
3617,682,683
3618,682,684
3619,682,685
3620,683,684
3621,683,685
3622,684,685
3623,686,687
3624,686,688
3625,686,780
3626,687,688
3627,689,1170
3628,689,1171
3629,69,70
3630,69,71
3631,690,691
3632,690,692
3633,690,693
3634,690,694
3635,691,692
3636,691,693
3637,691,694
3638,692,693
3639,692,694
3640,693,694
3641,695,696
3642,695,697
3643,695,698
3644,696,697
3645,696,698
3646,697,698
3647,698,1049
3648,698,1050
3649,698,1051
3650,698,762
3651,698,763
3652,698,764
3653,698,781
3654,699,700
3655,699,701
3656,7,10
3657,7,11
3658,7,12
3659,7,13
3660,7,14
3661,7,15
3662,7,16
3663,7,17
3664,7,8
3665,7,9
3666,70,522
3667,70,523
3668,70,524
3669,70,525
3670,70,71
3671,70,815
3672,70,816
3673,70,817
3674,70,818
3675,700,701
3676,700,710
3677,702,703
3678,702,704
3679,702,705
3680,702,706
3681,702,707
3682,703,704
3683,703,705
3684,704,705
3685,706,707
3686,707,1028
3687,707,1043
3688,707,760
3689,708,1090
3690,708,709
3691,708,711
3692,708,770
3693,710,1183
3694,710,1184
3695,710,1185
3696,710,999
3697,712,713
3698,712,714
3699,713,714
3700,715,1003
3701,715,1004
3702,715,716
3703,715,717
3704,715,770
3705,715,788
3706,715,794
3707,716,717
3708,718,719
3709,718,720
3710,718,721
3711,718,722
3712,718,765
3713,718,766
3714,718,769
3715,718,770
3716,718,771
3717,719,720
3718,719,721
3719,72,1036
3720,72,1037
3721,72,73
3722,72,74
3723,72,75
3724,72,76
3725,72,77
3726,72,78
3727,72,79
3728,720,721
3729,721,1002
3730,721,1069
3731,721,1070
3732,721,1071
3733,721,1072
3734,721,1073
3735,721,1074
3736,721,1075
3737,721,767
3738,721,768
3739,722,737
3740,723,1040
3741,723,724
3742,723,725
3743,723,726
3744,724,1040
3745,724,725
3746,724,726
3747,725,1167
3748,725,1175
3749,725,1176
3750,725,1177
3751,725,1178
3752,725,726
3753,725,727
3754,725,803
3755,725,811
3756,726,1040
3757,726,1164
3758,726,727
3759,726,780
3760,728,729
3761,728,776
3762,728,777
3763,728,778
3764,728,779
3765,729,776
3766,729,777
3767,729,778
3768,729,779
3769,729,794
3770,73,74
3771,73,75
3772,73,76
3773,73,77
3774,73,78
3775,73,79
3776,73,80
3777,73,81
3778,73,82
3779,730,731
3780,730,732
3781,730,747
3782,730,748
3783,730,749
3784,731,732
3785,731,736
3786,732,1041
3787,732,1042
3788,732,1167
3789,732,1168
3790,732,1169
3791,732,736
3792,733,734
3793,736,1041
3794,736,1042
3795,737,738
3796,737,746
3797,739,740
3798,739,741
3799,74,75
3800,74,76
3801,74,77
3802,74,78
3803,74,79
3804,740,741
3805,742,743
3806,742,744
3807,742,745
3808,742,859
3809,742,860
3810,742,861
3811,742,862
3812,742,863
3813,743,744
3814,743,745
3815,744,745
3816,747,748
3817,747,749
3818,748,749
3819,75,76
3820,75,77
3821,75,78
3822,75,79
3823,750,751
3824,750,752
3825,750,753
3826,750,754
3827,750,755
3828,751,752
3829,751,753
3830,751,754
3831,751,755
3832,752,753
3833,752,754
3834,752,755
3835,753,754
3836,753,755
3837,754,755
3838,756,757
3839,756,758
3840,756,759
3841,756,760
3842,756,761
3843,756,828
3844,756,976
3845,756,977
3846,757,758
3847,757,759
3848,757,760
3849,757,761
3850,758,759
3851,758,760
3852,758,761
3853,759,760
3854,759,761
3855,76,77
3856,76,78
3857,76,79
3858,760,1028
3859,760,1043
3860,760,761
3861,762,763
3862,762,764
3863,763,764
3864,765,1071
3865,765,1074
3866,765,1107
3867,765,766
3868,765,788
3869,767,768
3870,769,770
3871,769,771
3872,77,382
3873,77,465
3874,77,542
3875,77,543
3876,77,544
3877,77,545
3878,77,546
3879,77,547
3880,77,548
3881,77,78
3882,77,79
3883,770,1003
3884,770,1004
3885,770,1090
3886,770,771
3887,770,788
3888,770,794
3889,771,1048
3890,772,773
3891,772,774
3892,772,775
3893,773,774
3894,773,775
3895,774,775
3896,776,777
3897,776,778
3898,776,779
3899,777,778
3900,777,779
3901,778,779
3902,78,79
3903,780,1040
3904,780,1164
3905,781,1172
3906,781,1173
3907,781,1174
3908,781,804
3909,781,813
3910,782,783
3911,782,784
3912,783,784
3913,785,786
3914,785,795
3915,785,796
3916,785,797
3917,787,788
3918,787,812
3919,788,1003
3920,788,1004
3921,788,1011
3922,788,1012
3923,788,1013
3924,788,1052
3925,788,1053
3926,788,1054
3927,788,1071
3928,788,1074
3929,788,1107
3930,788,794
3931,788,819
3932,789,790
3933,789,791
3934,789,792
3935,789,793
3936,79,1172
3937,79,1173
3938,79,1174
3939,79,781
3940,790,1007
3941,790,791
3942,790,792
3943,790,793
3944,790,824
3945,790,825
3946,790,826
3947,790,827
3948,791,792
3949,791,793
3950,792,793
3951,794,1003
3952,794,1004
3953,794,819
3954,794,939
3955,794,985
3956,794,986
3957,794,987
3958,794,988
3959,794,989
3960,795,796
3961,795,797
3962,796,1014
3963,796,1015
3964,796,1016
3965,796,1017
3966,796,797
3967,798,799
3968,798,800
3969,798,801
3970,799,800
3971,799,801
3972,8,10
3973,8,11
3974,8,12
3975,8,13
3976,8,14
3977,8,15
3978,8,16
3979,8,17
3980,8,9
3981,80,81
3982,80,82
3983,800,801
3984,802,803
3985,802,804
3986,803,804
3987,803,811
3988,804,813
3989,805,806
3990,805,807
3991,805,808
3992,806,807
3993,806,808
3994,807,808
3995,808,1179
3996,808,1180
3997,809,810
3998,809,811
3999,81,1156
4000,81,1157
4001,81,82
4002,810,811
4003,812,823
4004,815,816
4005,815,817
4006,815,818
4007,816,817
4008,816,818
4009,816,940
4010,816,941
4011,816,942
4012,817,1087
4013,817,1088
4014,817,1089
4015,817,818
4016,82,1018
4017,82,1019
4018,82,142
4019,82,183
4020,82,184
4021,82,317
4022,82,362
4023,82,429
4024,82,437
4025,82,512
4026,82,537
4027,82,620
4028,82,629
4029,82,630
4030,82,631
4031,82,632
4032,82,86
4033,82,869
4034,82,874
4035,82,875
4036,82,876
4037,82,877
4038,82,878
4039,820,821
4040,820,822
4041,821,822
4042,822,883
4043,822,907
4044,822,908
4045,822,909
4046,824,825
4047,824,826
4048,824,827
4049,825,826
4050,825,827
4051,826,827
4052,828,976
4053,828,977
4054,829,830
4055,829,979
4056,829,995
4057,83,256
4058,83,304
4059,83,305
4060,83,308
4061,83,365
4062,83,633
4063,83,634
4064,83,635
4065,83,636
4066,83,84
4067,83,85
4068,83,86
4069,83,87
4070,83,959
4071,83,960
4072,83,961
4073,83,962
4074,83,963
4075,83,964
4076,832,833
4077,832,834
4078,833,834
4079,836,837
4080,836,838
4081,836,839
4082,836,840
4083,836,841
4084,836,842
4085,836,843
4086,836,844
4087,836,845
4088,836,846
4089,836,847
4090,836,848
4091,836,849
4092,836,850
4093,836,851
4094,836,852
4095,836,853
4096,836,854
4097,836,855
4098,836,856
4099,836,857
4100,836,858
4101,837,838
4102,837,839
4103,837,840
4104,837,841
4105,837,842
4106,837,843
4107,837,844
4108,837,845
4109,837,846
4110,837,847
4111,837,848
4112,837,849
4113,837,850
4114,837,851
4115,837,852
4116,837,853
4117,837,854
4118,837,855
4119,837,856
4120,837,857
4121,837,858
4122,838,839
4123,838,840
4124,838,841
4125,838,842
4126,838,843
4127,838,844
4128,838,845
4129,838,846
4130,838,847
4131,838,848
4132,838,849
4133,838,850
4134,838,851
4135,838,852
4136,838,853
4137,838,854
4138,838,855
4139,838,856
4140,838,857
4141,838,858
4142,839,840
4143,839,841
4144,839,842
4145,839,843
4146,839,844
4147,839,845
4148,839,846
4149,839,847
4150,839,848
4151,839,849
4152,839,850
4153,839,851
4154,839,852
4155,839,853
4156,839,854
4157,839,855
4158,839,856
4159,839,857
4160,839,858
4161,84,138
4162,84,201
4163,84,202
4164,84,85
4165,84,86
4166,84,87
4167,840,841
4168,840,842
4169,840,843
4170,840,844
4171,840,845
4172,840,846
4173,840,847
4174,840,848
4175,840,849
4176,840,850
4177,840,851
4178,840,852
4179,840,853
4180,840,854
4181,840,855
4182,840,856
4183,840,857
4184,840,858
4185,841,842
4186,841,843
4187,841,844
4188,841,845
4189,841,846
4190,841,847
4191,841,848
4192,841,849
4193,841,850
4194,841,851
4195,841,852
4196,841,853
4197,841,854
4198,841,855
4199,841,856
4200,841,857
4201,841,858
4202,842,843
4203,842,844
4204,842,845
4205,842,846
4206,842,847
4207,842,848
4208,842,849
4209,842,850
4210,842,851
4211,842,852
4212,842,853
4213,842,854
4214,842,855
4215,842,856
4216,842,857
4217,842,858
4218,843,844
4219,843,845
4220,843,846
4221,843,847
4222,843,848
4223,843,849
4224,843,850
4225,843,851
4226,843,852
4227,843,853
4228,843,854
4229,843,855
4230,843,856
4231,843,857
4232,843,858
4233,844,845
4234,844,846
4235,844,847
4236,844,848
4237,844,849
4238,844,850
4239,844,851
4240,844,852
4241,844,853
4242,844,854
4243,844,855
4244,844,856
4245,844,857
4246,844,858
4247,845,846
4248,845,847
4249,845,848
4250,845,849
4251,845,850
4252,845,851
4253,845,852
4254,845,853
4255,845,854
4256,845,855
4257,845,856
4258,845,857
4259,845,858
4260,846,847
4261,846,848
4262,846,849
4263,846,850
4264,846,851
4265,846,852
4266,846,853
4267,846,854
4268,846,855
4269,846,856
4270,846,857
4271,846,858
4272,847,848
4273,847,849
4274,847,850
4275,847,851
4276,847,852
4277,847,853
4278,847,854
4279,847,855
4280,847,856
4281,847,857
4282,847,858
4283,848,849
4284,848,850
4285,848,851
4286,848,852
4287,848,853
4288,848,854
4289,848,855
4290,848,856
4291,848,857
4292,848,858
4293,849,850
4294,849,851
4295,849,852
4296,849,853
4297,849,854
4298,849,855
4299,849,856
4300,849,857
4301,849,858
4302,85,86
4303,85,87
4304,85,88
4305,85,89
4306,85,90
4307,85,91
4308,850,851
4309,850,852
4310,850,853
4311,850,854
4312,850,855
4313,850,856
4314,850,857
4315,850,858
4316,851,852
4317,851,853
4318,851,854
4319,851,855
4320,851,856
4321,851,857
4322,851,858
4323,852,853
4324,852,854
4325,852,855
4326,852,856
4327,852,857
4328,852,858
4329,853,854
4330,853,855
4331,853,856
4332,853,857
4333,853,858
4334,854,855
4335,854,856
4336,854,857
4337,854,858
4338,855,856
4339,855,857
4340,855,858
4341,856,857
4342,856,858
4343,857,1135
4344,857,1136
4345,857,1137
4346,857,1138
4347,857,858
4348,858,1162
4349,858,1163
4350,859,860
4351,859,861
4352,859,862
4353,859,863
4354,86,142
4355,86,184
4356,86,317
4357,86,362
4358,86,392
4359,86,421
4360,86,422
4361,86,423
4362,86,424
4363,86,425
4364,86,426
4365,86,427
4366,86,437
4367,86,460
4368,86,620
4369,86,629
4370,86,630
4371,86,631
4372,86,632
4373,86,87
4374,860,861
4375,860,862
4376,860,863
4377,861,862
4378,861,863
4379,862,863
4380,864,865
4381,864,866
4382,864,867
4383,865,866
4384,865,867
4385,866,867
4386,868,1060
4387,868,1061
4388,868,1062
4389,868,1063
4390,868,1064
4391,868,869
4392,868,870
4393,868,871
4394,868,872
4395,868,873
4396,868,956
4397,868,957
4398,868,958
4399,869,1018
4400,869,1019
4401,869,1044
4402,869,1045
4403,869,1046
4404,869,1047
4405,869,870
4406,869,871
4407,869,872
4408,869,873
4409,870,871
4410,870,872
4411,870,873
4412,871,872
4413,871,873
4414,872,873
4415,872,949
4416,872,950
4417,872,951
4418,872,952
4419,872,953
4420,872,954
4421,872,955
4422,874,875
4423,874,876
4424,874,877
4425,874,878
4426,875,876
4427,875,877
4428,875,878
4429,876,877
4430,876,878
4431,877,878
4432,877,966
4433,877,967
4434,877,968
4435,877,969
4436,877,970
4437,879,880
4438,879,881
4439,879,882
4440,88,183
4441,88,471
4442,88,89
4443,88,90
4444,88,91
4445,880,881
4446,880,882
4447,881,882
4448,883,884
4449,883,885
4450,883,886
4451,883,887
4452,883,888
4453,883,889
4454,883,890
4455,883,891
4456,883,892
4457,883,893
4458,883,894
4459,883,896
4460,883,897
4461,883,898
4462,883,899
4463,883,900
4464,883,901
4465,883,902
4466,883,903
4467,883,904
4468,883,905
4469,883,906
4470,883,907
4471,883,908
4472,883,909
4473,883,910
4474,883,911
4475,883,912
4476,883,913
4477,883,914
4478,883,915
4479,883,916
4480,883,917
4481,883,918
4482,883,919
4483,883,920
4484,883,921
4485,883,922
4486,883,923
4487,883,924
4488,883,925
4489,883,926
4490,883,927
4491,883,928
4492,884,885
4493,886,887
4494,886,888
4495,887,888
4496,889,890
4497,889,891
4498,889,892
4499,89,106
4500,89,199
4501,89,200
4502,89,214
4503,89,334
4504,89,375
4505,89,376
4506,89,377
4507,89,378
4508,89,379
4509,89,380
4510,89,883
4511,89,893
4512,89,894
4513,89,90
4514,89,91
4515,890,891
4516,890,892
4517,891,892
4518,893,894
4519,896,897
4520,898,899
4521,898,900
4522,898,901
4523,898,902
4524,899,900
4525,899,901
4526,899,902
4527,9,10
4528,9,11
4529,9,12
4530,9,13
4531,9,14
4532,9,15
4533,9,16
4534,9,17
4535,90,91
4536,900,901
4537,900,902
4538,901,902
4539,903,904
4540,903,905
4541,903,906
4542,904,905
4543,904,906
4544,905,906
4545,905,919
4546,905,920
4547,905,921
4548,905,922
4549,905,923
4550,905,924
4551,905,925
4552,905,926
4553,905,927
4554,907,908
4555,907,909
4556,908,909
4557,91,131
4558,91,132
4559,910,911
4560,910,912
4561,910,913
4562,910,914
4563,911,912
4564,911,913
4565,911,914
4566,912,913
4567,912,914
4568,913,914
4569,915,916
4570,915,917
4571,915,918
4572,916,917
4573,916,918
4574,917,918
4575,919,920
4576,919,921
4577,919,922
4578,919,923
4579,919,924
4580,919,925
4581,919,926
4582,919,927
4583,92,276
4584,92,277
4585,92,278
4586,92,279
4587,92,280
4588,92,281
4589,92,282
4590,92,563
4591,92,564
4592,92,93
4593,92,94
4594,92,95
4595,92,96
4596,920,921
4597,920,922
4598,920,923
4599,920,924
4600,920,925
4601,920,926
4602,920,927
4603,921,922
4604,921,923
4605,921,924
4606,921,925
4607,921,926
4608,921,927
4609,922,923
4610,922,924
4611,922,925
4612,922,926
4613,922,927
4614,923,924
4615,923,925
4616,923,926
4617,923,927
4618,924,925
4619,924,926
4620,924,927
4621,925,926
4622,925,927
4623,926,927
4624,929,930
4625,929,931
4626,929,932
4627,929,933
4628,929,934
4629,929,935
4630,93,94
4631,93,95
4632,93,96
4633,930,1055
4634,930,1056
4635,930,931
4636,930,932
4637,930,933
4638,930,934
4639,930,935
4640,931,932
4641,931,933
4642,931,934
4643,931,935
4644,932,933
4645,932,934
4646,932,935
4647,933,934
4648,933,935
4649,934,935
4650,936,937
4651,936,938
4652,936,990
4653,936,991
4654,936,992
4655,936,993
4656,936,994
4657,937,938
4658,938,1029
4659,94,95
4660,94,96
4661,940,941
4662,940,942
4663,941,942
4664,943,944
4665,943,945
4666,943,946
4667,944,945
4668,944,946
4669,945,946
4670,946,1076
4671,946,1077
4672,946,1078
4673,946,1079
4674,947,948
4675,949,950
4676,949,951
4677,949,952
4678,949,953
4679,949,954
4680,949,955
4681,95,96
4682,950,951
4683,950,952
4684,950,953
4685,950,954
4686,950,955
4687,951,952
4688,951,953
4689,951,954
4690,951,955
4691,952,953
4692,952,954
4693,952,955
4694,953,954
4695,953,955
4696,954,955
4697,956,957
4698,956,958
4699,957,958
4700,959,960
4701,959,961
4702,959,962
4703,959,963
4704,959,964
4705,960,961
4706,960,962
4707,960,963
4708,960,964
4709,961,962
4710,961,963
4711,961,964
4712,962,963
4713,962,964
4714,963,964
4715,966,967
4716,966,968
4717,966,969
4718,966,970
4719,967,968
4720,967,969
4721,967,970
4722,968,969
4723,968,970
4724,969,1139
4725,969,1140
4726,969,1141
4727,969,1142
4728,969,1143
4729,969,970
4730,97,170
4731,97,171
4732,97,172
4733,97,249
4734,97,250
4735,97,251
4736,97,489
4737,97,814
4738,97,816
4739,97,940
4740,97,941
4741,97,942
4742,97,98
4743,97,99
4744,971,972
4745,971,973
4746,971,974
4747,971,975
4748,972,973
4749,972,974
4750,972,975
4751,973,974
4752,973,975
4753,974,975
4754,976,977
4755,978,979
4756,978,980
4757,978,981
4758,978,982
4759,978,983
4760,978,984
4761,979,980
4762,979,981
4763,979,982
4764,979,983
4765,979,984
4766,979,995
4767,98,99
4768,980,981
4769,980,982
4770,980,983
4771,980,984
4772,981,982
4773,981,983
4774,981,984
4775,982,983
4776,982,984
4777,983,984
4778,985,986
4779,985,987
4780,985,988
4781,985,989
4782,986,987
4783,986,988
4784,986,989
4785,987,988
4786,987,989
4787,988,989
4788,990,991
4789,990,992
4790,990,993
4791,990,994
4792,991,992
4793,991,993
4794,991,994
4795,992,993
4796,992,994
4797,993,994
4798,996,997
4799,996,998
4800,997,998
4801,999,1000
4802,999,1001
4803,999,1002
4804,999,1183
4805,999,1184
4806,999,1185
